630 7
rr_n -1.7011 1.5283 0.92138 -1.2264 1.1974 0.006078 -0.98001 
rr_p1 -1.2553 2.2699 1.4404 -1.5065 0.83106 -0.20818 -1.0656 
hr_p1 -1.9999 1.2767 1.1618 -1.0072 0.84985 0.42001 -0.89798 
bp_n -0.16512 2.0623 0.15373 -0.69772 2.0235 -0.62292 -0.91995 
hr_n -1.4894 1.3694 0.54212 -1.1149 0.69428 0.44368 -0.68443 
rr_m1 -1.3174 1.2382 0.8742 -1.9671 1.1525 -0.12745 -1.104 
bp_m1 0.2246 2.2426 0.27857 -0.89434 2.2576 -0.82431 -1.0755 
hr_p2 -1.963 1.4938 1.9203 -1.066 1.2228 0.23815 -1.2948 
bt_n -0.73798 1.7467 -0.025457 -0.88776 0.52269 0.36326 -0.34817 
rr_p2 -2.3009 2.1768 2.2241 -1.2264 1.4381 -0.36896 -1.4928 
bt_p1 -1.1043 1.5984 0.10086 -0.88044 0.32994 0.39336 -0.25246 
bt_m1 -0.23526 1.8769 -0.17122 -0.95357 0.43358 0.28403 -0.24018 
gc_n -1.3549 1.6158 -1.2538 -0.11814 -0.20094 1.1268 0.51186 
potassiumchloride -0.03624 -0.72041 -0.41262 -0.72085 0.40329 -0.59888 0.43401 
gc_m2 -1.8022 0.44429 0.58362 -1.7733 1.2643 0.62347 -1.1387 
furosemide 0.12992 1.4183 -0.71783 -0.40193 1.3697 -1.2935 -0.00080095 
rr_m2 -1.905 1.3839 2.5916 -3.1446 1.3602 -1.6837 -1.787 
bt_m2 0.33898 1.9314 -0.34002 -0.94984 0.76934 -0.018355 -0.29463 
</s> 0.68187 -1.7301 -0.19137 0.17317 -0.36155 -0.048067 1.177 
gc_m1 -1.5644 1.3511 -0.24519 -0.95631 -0.56467 1.5766 0.086574 
bp_m2 0.28608 2.5118 0.72886 -0.55598 2.4736 -0.78931 -1.234 
sodiumchloride0.9%flush 0.8533 -1.4388 -1.4935 0.85204 0.31873 1.0692 1.1932 
d5w 0.31888 0.1452 1.3463 -3.0006 0.27088 -3.3931 -0.2163 
hr_p3 -2.0541 1.504 2.7685 -0.68674 1.5246 -0.010545 -1.5416 
insulin 0.3171 -0.52376 -0.68642 -0.15405 -0.04616 -0.50821 0.90951 
ns -1.1499 -0.94935 1.8683 -2.1344 -0.87335 -2.0577 0.2654 
magnesiumsulfate 0.24828 -1.6859 0.41013 -1.0064 0.20715 -0.52274 0.34173 
iso-osmoticdextrose 0.37599 -0.91057 2.5321 -0.32892 0.64621 -1.116 -0.27724 
gc_m3 -1.3159 -0.42269 0.88725 -2.7754 2.3927 -0.013988 -1.8476 
acetaminophen 0.21241 -2.2122 -2.1853 0.67087 0.84956 -0.72088 1.4883 
0.9%sodiumchloride 1.8184 -1.5443 1.3515 0.64564 1.8819 4.1706 -1.1178 
sw 0.043226 -1.2383 0.85163 -1.6509 0.077348 -0.81582 0.048999 
metoprolol -2.3645 0.93538 -1.3549 -2.3818 -0.79649 -3.4894 1.2123 
other 0.33312 0.10333 0.63648 0.67614 -0.93697 -0.061883 1.0507 
vent -1.3188 0.83796 -1.6073 -0.2891 1.5163 0.26683 -0.070753 
uo_m1 -1.6221 1.6218 0.26572 -1.1733 0.90759 -0.061378 -0.65395 
docusatesodium 0.68776 -2.4192 -3.3464 0.78057 1.1392 -1.1468 1.956 
heparin 0.6564 -1.1721 0.46861 0.17248 -0.69471 0.44934 0.93887 
metoprololtartrate 2.0211 0.22119 -1.6512 1.2887 2.9462 2.8887 -0.49414 
5%dextrose 3.1566 -0.77583 1.6532 0.3784 2.9315 2.9717 -1.5765 
calciumgluconate 1.1888 -3.1048 1.0824 -1.6246 0.81608 -0.55396 -0.10936 
lorazepam -1.5892 -0.58307 1.2733 -0.11929 -0.70429 0.4147 0.38966 
morphinesulfate 0.32765 -2.3006 -0.66365 -1.3938 0.14885 -1.2845 0.85003 
vancomycin 2.0549 -0.69341 2.4167 1.0521 2.4404 1.484 -1.182 
uo_n -2.349 1.3489 0.08777 -1.1514 0.57996 0.55628 -0.56343 
uo_m2 -1.3067 1.9777 0.2151 -0.83341 0.79435 0.20929 -0.54195 
pantoprazole 0.76816 -0.21094 -0.82672 0.59536 -1.2608 -0.62263 1.886 
bisacodyl -0.37272 -1.0814 -3.3346 1.0437 1.311 -0.92538 1.6297 
fentanylcitrate 0.020359 -1.9337 3.6298 -1.2241 1.3056 -0.19049 -1.2807 
aspirin 2.0165 -2.1113 -1.825 0.050409 1.4603 -1.6585 1.1949 
propofol 0.56865 -4.2339 1.8377 -1.7051 2.4569 -0.080931 -1.1182 
lr -0.31595 -3.0638 1.3778 -1.0457 2.1677 -0.56338 -0.78293 
oxycodone-acetaminophen -0.30488 -2.8861 -4.4921 -0.81955 2.1638 -2.3237 1.6305 
warfarin 1.0901 2.4347 -1.8968 0.78095 1.8509 -1.0898 0.43384 
aspirinec 0.87839 -2.7943 -5.9202 -0.025647 3.8589 -3.3422 1.8413 
senna 0.65139 -1.23 -1.1395 1.8404 -0.61987 1.0168 1.8728 
dextrose50% 3.3256 -3.3928 -1.9696 0.96786 2.3454 0.73913 0.93757 
bp_p1 -1.7647 1.2923 0.93488 -2.4839 0.40412 0.46643 -1.025 
heparinsodium 1.3888 1.1622 -0.14966 -1.2048 0.88664 -1.641 0.037054 
hydromorphone(dilaudid) -0.090774 -2.0101 -0.85468 1.2877 1.7944 3.5047 -0.096307 
ranitidine 0.922 -3.1991 -5.378 -0.41305 4.283 -2.9665 1.2871 
vial 1.8436 -1.3999 2.3984 -1.0305 -1.6288 -0.33616 0.75913 
albuterol0.083%nebsoln 0.2979 0.80795 0.73547 3.1898 1.0037 -0.75857 0.97711 
vancomycinhcl -1.7138 0.31866 2.3647 -3.2656 -0.46884 -4.9989 0.1354 
famotidine -0.89686 -3.3634 1.1523 -0.2547 -0.38398 2.5397 0.2383 
docusatesodium(liquid) 1.2681 -3.8166 -0.54312 -0.5938 2.0954 -1.2754 0.4177 
milkofmagnesia 0.19061 -2.6627 -6.3786 1.358 4.1469 -2.0993 1.9131 
neutra-phos -0.79741 0.1905 1.2619 0.56986 -0.82731 1.7974 0.33274 
ipratropiumbromideneb -0.0086222 1.5149 1.0281 2.6931 0.47701 -1.5439 1.0413 
metoclopramide 0.9808 -3.3241 -1.59 -1.468 2.0625 -2.0992 0.58116 
levofloxacin -1.4017 0.17787 2.6471 0.07597 -1.3703 -2.8048 1.0318 
atorvastatin 1.3995 -0.83569 -4.3488 0.70753 0.72365 -2.7121 2.6673 
ondansetron 0.99178 -1.9328 -1.0265 0.83096 -0.22601 1.712 1.2459 
haloperidol -2.6688 0.352 0.99567 -0.11565 -0.71502 0.43112 0.30206 
bag 3.6179 -2.0058 0.42916 0.65516 2.1859 3.7255 -0.61257 
hydralazine 1.8935 -0.79712 -1.9936 -1.2625 0.30664 3.6706 0.10593 
rr_p3 -2.3358 2.5666 2.8861 -1.8641 1.15 -0.92173 -1.6353 
nitroglycerin 3.1229 -3.9941 -2.2792 -3.0138 2.448 -2.7578 0.62993 
potassiumphosphate -1.0697 -1.7021 2.262 -0.46178 -0.15331 1.8212 -0.42531 
pantoprazolesodium 0.2658 -2.1145 2.0895 -1.7949 -1.8021 -2.0976 1.1871 
lisinopril 0.61717 1.1677 -3.5211 0.32937 -0.91644 0.89653 1.9929 
cefazolin 0.20816 -4.5157 -2.638 -1.771 2.7016 0.010651 0.18435 
bm_p1 1.5219 0.73863 -1.1575 0.45912 2.2898 2.8486 -0.69587 
insulinhumanregular 2.8606 -4.0725 -0.10874 -2.0273 1.7828 -1.7545 0.30153 
chlorhexidinegluconate0.12%oralrinse 3.0366 -4.9386 1.6556 -0.00015071 3.359 1.109 -0.8515 
midazolam 1.6511 -1.7214 3.7673 -0.014272 2.3811 1.6592 -1.7449 
d51/2ns -0.2727 -0.86545 1.5979 0.011983 -1.1659 1.7377 0.43337 
prednisone 0.6199 2.4069 1.088 1.3538 -2.0441 -0.13861 1.5404 
glucagon 3.8709 -2.835 -2.7606 2.0415 2.3603 2.8262 1.1333 
phenylephrine 3.6698 -4.2409 0.49523 -0.94233 4.9041 0.2579 -1.4396 
heparinflush(10units/ml) 1.845 0.93933 -0.060149 2.4417 1.679 3.6693 -0.17423 
iso-osmoticsodiumchloride -0.71635 -4.5392 2.4269 -1.0141 -0.70327 1.9585 0.17141 
captopril -0.068487 2.3332 -2.8247 -1.9301 -0.54363 -2.6583 1.4345 
folicacid -1.9058 -4.0147 0.16996 1.3318 -2.5436 1.4153 2.5897 
bm_n 0.99597 0.76586 -0.51122 0.74478 1.3595 3.3144 -0.47785 
syringe 2.507 -4.691 -0.12511 -2.1853 3.0242 -1.5987 -0.27614 
glycopyrrolate 2.6292 -6.9855 -1.9513 -3.4124 5.9153 -3.7145 -0.36242 
0.9%sodiumchloride(minibagplus) 3.3075 0.43994 5.3669 2.4355 1.6242 4.2396 -1.4867 
uo_m3 0.48623 2.6816 0.7897 -0.81322 0.34676 0.20875 -0.52704 
amiodarone 3.2031 1.4983 -1.8291 1.3225 5.5641 -0.68788 -1.0848 
neostigmine 3.0906 -7.9323 -2.4465 -3.5128 6.0062 -4.2133 0.17722 
ketorolac -0.70725 -2.5701 -3.9493 0.45243 4.0358 -1.2396 0.489 
bm_p2 1.9258 1.2955 -1.3971 0.88253 3.0542 2.5304 -0.84546 
levothyroxinesodium 1.2145 -0.78256 -0.68484 1.8714 0.075517 -1.1656 1.8073 
sodiumbicarbonate 2.2031 -0.0068785 2.2975 -1.8385 -0.05639 -1.6776 -0.20824 
diltiazem -0.30344 1.3749 0.65107 0.49794 1.1105 -0.47831 -0.21205 
multivitamins -1.3311 -2.3358 -0.30827 2.6292 -1.8368 0.30925 2.823 
simvastatin 2.3337 -1.7642 -3.9324 2.8008 2.2221 0.014809 2.1105 
norepinephrine 2.1973 -1.6833 4.23 -1.6023 2.4205 -2.2958 -1.4885 
sterilewater 3.4998 -2.3088 0.72592 -0.20805 3.283 2.8807 -1.3937 
amiodaronehcl -1.6335 2.1879 -1.5521 -2.9294 2.2931 -6.7706 0.24657 
oxycodone(immediaterelease) 0.31365 0.077785 -0.7607 2.5417 -0.40231 3.9266 1.1412 
hydralazinehcl -2.0648 1.2848 -1.1154 -5.4456 -2.9961 -2.8592 1.2679 
heparinflushcvl(100units/ml) -1.4105 -0.69138 2.0815 -1.3506 -1.4301 -2.6546 0.91763 
dextrose5% -1.5213 -0.67779 4.3423 -0.6938 -1.0601 -3.2043 0.36187 
phenytoinsodium -3.6472 -3.8893 0.83737 -4.2811 -1.4689 3.2165 -0.38873 
lactulose 0.49994 1.1746 1.4606 1.0737 -1.0283 0.43063 0.77543 
diazepam -3.0568 -1.4771 1.2272 1.1285 -1.6396 2.6146 0.94726 
midazolamhcl -2.0115 -1.1039 2.2666 -4.1389 -0.13113 -4.7059 -0.17626 
hydromorphone -3.4536 -1.0962 -0.38177 -1.2943 -0.76196 -2.5571 1.1925 
ceftriaxone 0.61578 -0.70197 2.8566 1.1708 -0.94675 -0.13199 0.75641 
meperidine 1.1221 -5.8408 -1.3457 -3.2584 3.3303 -4.0202 0.39239 
phytonadione 0.63896 0.1633 2.0051 -0.95977 -0.94514 -0.55576 0.2479 
influenzavirusvaccine 3.2985 -3.5553 -1.3057 1.825 0.99121 1.9018 1.6046 
sucralfate 0.99888 -4.9958 -1.748 -3.6629 2.4904 -5.0188 0.95282 
metronidazole(flagyl) 1.8506 -0.3924 3.905 2.1931 0.53786 0.78379 -0.048847 
phenylephrinehcl -0.7229 -2.6236 -0.26976 -6.0658 1.8019 -5.5649 -0.30781 
cefepime 1.4147 0.82901 5.176 3.1933 2.1744 1.5325 -1.3195 
pneumococcalvacpolyvalent 2.7391 -2.5589 -2.1149 1.6423 0.98615 1.703 1.5714 
potassiumchl20meq/1000mld51/2ns -2.3561 -2.1816 0.38544 0.072541 -0.029338 1.8277 0.29904 
zolpidemtartrate -0.96161 1.5121 -1.1989 0.50572 -1.744 -1.8939 2.2265 
piperacillin-tazobactamna -0.54305 -0.026463 3.974 -0.89003 -0.29563 -2.3745 -0.25553 
ipratropiumbromidemdi -0.1516 -0.47824 3.5518 2.6111 2.1273 -3.1498 0.035862 
dexamethasone -1.9628 -2.2357 0.024615 -1.7321 -1.0936 2.5361 0.27183 
albuterol -2.2333 0.017284 2.3893 0.53 0.088615 -5.3729 1.1053 
amlodipine 1.7082 0.8559 -3.0818 -0.4428 -1.5135 1.768 1.8564 
levetiracetam -0.91042 -2.1134 0.64858 -0.82359 -0.7839 4.4872 -0.10932 
soln. -2.5013 -4.2351 1.1799 -6.4995 0.26824 -0.79114 -1.1725 
soln 1.8405 -2.8659 4.3209 0.23198 3.3448 2.8317 -2.272 
calciumcarbonate 0.45877 0.77014 -0.93311 2.6192 -1.934 0.17246 2.7594 
thiamine -0.54712 -4.2833 0.93269 1.797 -1.5487 4.4234 1.5689 
1/2ns 1.5042 -0.21949 1.123 -0.40498 -1.924 0.057231 1.2643 
methylprednisolonesodiumsucc 1.9721 1.2215 3.2813 0.12013 -1.8885 1.1687 0.37901 
ciprofloxacinhcl 1.2206 0.57678 0.25802 0.87341 -0.16824 0.97029 0.61049 
metronidazole -2.4222 0.21102 3.3922 -1.77 -2.2552 -4.551 1.201 
piperacillin-tazobactam 2.9292 -0.63471 4.196 2.2261 2.4972 2.9095 -1.417 
ns(minibagplus) 1.101 0.54413 6.7664 0.7727 -0.7349 0.16699 -0.71578 
d5w(excelbag) -0.25402 1.5902 -0.53139 -2.2948 3.938 -6.184 -0.82312 
labetalol 1.1908 -0.88285 -0.79689 -1.3759 -0.63199 4.9816 -0.096608 
tacrolimus 2.4978 2.4476 2.727 -2.5964 -3.2068 1.9329 0.12418 
phenytoin -4.0982 -2.4853 -0.52735 -2.6509 -2.2411 2.04 0.84346 
albuterol-ipratropium -0.28046 -0.64458 -0.03234 1.1328 2.3535 -3.8269 0.58187 
magnesiumoxide -1.2434 1.7653 -0.95804 -0.53713 -2.1549 -1.1785 1.817 
ibuprofen -2.5153 -0.6741 -1.999 1.0727 0.59139 -0.8478 1.3582 
acetylcysteine20% 0.93668 0.65813 1.2918 -0.75995 -0.41126 -1.5307 0.41555 
gabapentin -0.31482 -0.49269 -0.51772 3.6743 -0.32877 0.64961 2.0677 
fluconazole 0.42557 0.66298 3.8062 -1.4518 -1.4636 -0.15526 -0.273 
hydrocortisonenasucc. 0.86673 -0.34322 3.0396 -1.1297 0.68777 -2.3284 -0.55587 
nitroprussidesodium -0.27617 -4.4445 -3.0535 -6.7285 0.43569 -3.0969 0.77778 
albuterolinhaler 1.9924 -1.2006 2.1545 3.9941 3.5821 0.15435 -0.27463 
omeprazole 3.1835 -0.80535 -2.1279 4.2872 0.85715 2.6031 2.2689 
digoxin 1.1613 1.9404 -0.36282 0.42882 0.68969 -1.6607 0.57035 
meropenem 0.54388 1.5094 6.1087 1.8139 0.8825 0.14986 -1.2675 
ns(glassbottle) -5.0894 -3.4012 0.7703 -6.2468 -2.9043 0.57321 0.28739 
clopidogrelbisulfate 0.3689 -0.39787 -4.0582 -1.9338 -0.29645 -5.5912 2.9641 
ciprofloxaciniv 2.2452 -1.141 3.6077 1.3042 2.3795 2.9034 -1.5363 
diphenhydramine 0.53488 -0.89567 0.51351 1.8439 0.16299 2.9271 0.47563 
diphenhydraminehcl -2.7637 0.045129 -1.9464 -1.5439 -0.83741 -4.3156 1.969 
quetiapinefumarate -1.26 0.65505 1.0291 2.4153 0.068991 2.1803 0.44488 
bm_p3 1.7841 1.1352 -1.0569 1.0487 3.2001 2.392 -0.95267 
albumin5%(25g/500ml) 4.1372 -1.6904 -0.27679 0.084804 6.4294 0.34975 -2.0935 
sodiumphosphate -0.3499 -1.4631 2.1827 -0.20488 0.48805 2.0949 -0.70365 
miconazolepowder2% -0.26111 1.0527 1.7819 0.4359 -0.24062 -1.1768 0.3525 
albumin25%(12.5g/50ml) 3.1454 1.1654 2.862 0.1537 3.2333 1.9334 -2.1496 
trazodone 1.691 1.9874 -0.71719 3.4761 0.41884 2.5518 1.1784 
carvedilol 2.7102 2.6679 -2.8308 0.22807 0.81637 -0.57325 1.1121 
lactatedringers 2.1588 -3.7536 0.31632 1.1403 4.1199 3.5078 -1.181 
ferroussulfate -0.12504 0.79021 -0.95113 2.2452 -1.5677 -1.2627 2.6417 
tramadol(ultram) 2.0058 0.28617 -4.2024 2.927 3.949 1.8937 0.65965 
azithromycin 0.73192 0.81626 2.3608 2.8749 -0.91815 -0.83682 1.4447 
propofol(generic) -2.4865 -2.6054 1.0781 -6.5979 0.44831 -5.4241 -0.29823 
fluticasonepropionate110mcg -0.66145 0.045053 -0.37692 3.5883 2.2038 -4.622 1.7843 
humulin-rinsulin -0.78759 -1.8935 0.038774 -5.2698 -0.5685 -5.5688 0.88484 
olanzapine(disintegratingtablet) -0.86962 1.0678 1.5426 1.2528 -0.48 2.442 0.076821 
enoxaparinsodium -1.4276 0.25451 -0.083855 1.0817 -0.094899 0.17498 0.81899 
clopidogrel 4.517 -0.65252 -3.2527 1.591 1.6222 1.1302 1.5113 
nystatinoralsuspension -0.12772 0.82066 1.9657 -0.050822 -0.27705 -0.34526 -0.018368 
potassiumchloride(powder) 1.2804 0.3503 0.97894 1.5178 1.8537 4.7971 -1.0634 
lansoprazoleoraldisintegratingtab 0.93666 0.18767 1.6777 1.8142 0.51392 0.88137 0.19483 
acetazolamidesodium -0.73229 1.3556 1.8679 -1.8476 1.4127 -0.89052 -1.3294 
potassiumchl20meq/1000mlns -1.7916 -3.492 -1.4676 -2.4046 -1.1133 4.6587 0.46455 
thiaminehcl -4.9396 -3.3033 0.71283 -0.49832 -4.4773 -1.4655 3.3382 
labetalolhcl -2.1092 0.16122 -1.2304 -5.521 -3.1072 -1.9146 1.2644 
bp_m3 -0.21671 1.0574 1.049 -1.3339 2.1948 0.39491 -1.5393 
vitamind 2.0561 0.077932 -0.95447 4.7182 -1.5599 0.59129 3.5692 
albuterolnebsoln -3.02 1.7577 0.20297 -1.0146 -1.34 -5.406 1.8007 
milrinone 2.7662 0.85153 -0.80666 -3.2735 4.7692 -4.8124 -1.5173 
acetaminophen(liquid) -1.7221 -0.78886 2.6488 0.042213 0.56441 0.76702 -0.68094 
lidocainejelly2%(urojet) 1.6924 0.37387 0.65579 0.90978 0.0049848 1.9802 0.26512 
dolasetronmesylate -2.2013 -0.84113 -0.39676 -1.3333 -2.9575 -2.6031 2.5083 
prochlorperazine 0.15844 -1.0757 -0.20915 0.83044 -2.394 1.3322 2.0819 
syringe(ivroom) -2.6667 -0.26978 3.5733 -4.0743 -6.1624 -1.444 1.9613 
atenolol -0.52666 -0.44576 -2.6352 -0.19615 -1.7577 0.80887 2.1355 
cosyntropin 0.34891 0.052348 4.4889 -1.1231 0.30928 -3.2084 -0.537 
alteplase(catheterclearance) -1.3128 2.7871 4.1785 0.88936 -0.63638 0.85206 -0.67234 
polyethyleneglycol 1.9519 1.1045 -1.2705 3.5988 1.1514 3.0912 1.0189 
clonazepam -1.3673 0.58763 0.10687 2.9294 -0.96842 -0.20835 1.9428 
epinephrine 3.8214 -3.0631 0.12142 -2.955 6.0969 -4.6472 -1.5878 
heparinflushpicc(100units/ml) -1.7161 1.8319 1.2001 0.11919 -1.8145 -1.539 1.2424 
acetaminopheniv 2.0444 -2.4371 0.68017 1.7235 3.9196 4.1139 -1.3218 
nicotinepatch -1.5046 -1.5636 -0.10219 2.8643 -1.0791 1.913 1.935 
dexmedetomidine 0.99779 -2.3585 0.47394 0.09458 4.7359 2.6027 -2.1135 
dopamine 2.5188 0.19105 1.6799 -2.2438 0.6326 -3.8272 -0.027348 
atropinesulfate 3.9047 0.36902 -2.3531 -1.8285 -1.3463 -2.9126 2.4554 
vasopressin 2.9034 -0.73534 3.9693 -2.8715 3.9341 -3.7643 -2.2728 
sodiumpolystyrenesulfonate 2.6682 1.1202 1.9234 -0.43866 -0.8672 -1.1345 0.53397 
olanzapine -1.4511 1.1111 0.53764 1.531 -1.0229 1.5395 0.85973 
albumin5%(12.5g/250ml) 2.51 -1.0687 0.57737 -0.38416 5.3002 1.4744 -2.3882 
hydrochlorothiazide -0.32091 0.2744 -3.5179 -0.25423 -2.4663 1.7023 2.5881 
mannitol20% -2.0409 -4.2548 0.9555 -6.5913 0.2599 2.9218 -1.8962 
lansoprazoleoralsuspension -2.7822 0.65255 2.1157 -2.3589 -1.7687 -3.7949 0.76706 
spironolactone 0.7732 2.6444 -0.28308 0.68132 -1.4268 -0.11131 1.4023 
artificialtears -0.25119 -1.355 2.1755 -0.85308 0.32305 -0.72994 -0.23935 
lidocaine1% 1.0985 0.15535 1.6253 0.24144 0.13214 1.2532 -0.16216 
mycophenolatemofetil 2.509 2.3716 2.8434 -2.7587 -5.3166 0.50142 1.6731 
oxycodone-acetaminophenelixir -2.9877 -0.17384 0.83888 0.13496 0.5904 -0.12402 -0.072513 
fentanylpatch -2.5923 0.61151 2.026 1.5602 -0.61 -0.00013795 0.55802 
d5ns -0.30714 -1.6976 1.9204 -0.16082 -0.81622 1.9747 0.15567 
5%dextrose(excelbag) 4.5998 1.1081 -0.52189 1.0245 6.55 0.38737 -2.0829 
sodiumchloridenasal 0.41589 1.6994 -0.58918 2.1516 0.5365 -0.48545 1.0596 
multivitaminiv -3.4854 -4.631 4.297 0.57796 -1.7428 3.5903 0.37366 
sarnalotion 0.29195 1.0627 -0.13566 1.5777 -0.3299 0.99474 0.9335 
clindamycin -1.4279 -1.8735 2.2752 0.26462 -0.9731 -0.61855 0.76777 
epoetinalfa 3.1585 2.9457 0.94242 -2.1564 -2.4058 -1.0043 0.8851 
guaifenesin -0.26534 2.5484 0.81454 3.5197 -0.51962 -0.69629 1.6088 
citalopramhydrobromide -0.18903 -0.18981 -0.76047 2.7899 -1.5102 -0.66514 2.8182 
trazodonehcl -2.4618 1.9096 -1.4462 0.056752 -2.3565 -3.5485 2.8057 
bm_p4 1.4859 1.2996 -0.69912 1.1834 3.3942 2.1834 -1.0719 
allopurinol 2.8047 0.01883 -2.2353 2.0866 -0.2468 -1.0366 2.5831 
acyclovir 0.25313 -1.2697 4.0511 -0.11382 -2.4392 1.0914 0.58962 
nicardipineiv 1.7748 -4.2459 -3.4325 -4.9295 0.94683 5.1517 -0.59189 
sulfameth/trimethoprimds 0.28666 1.6652 1.1263 0.92699 -2.2651 0.61849 1.3798 
methadone -0.66234 -0.14559 2.5636 1.7795 1.2964 3.3501 -0.98455 
methylprednisolonenasucc. -2.9144 1.9431 4.5343 -4.6934 -6.2257 -2.8551 1.7235 
lidocaine5%patch 0.50421 0.64367 0.081688 4.0156 0.14703 1.9199 1.4698 
gentamicin 7.5277 0.4945 -0.64094 -10.754 -5.6389 2.732 0.30486 
isotonicsodiumchloride -9.08 -4.3406 5.7532 6.0577 4.8657 -4.1153 -0.6489 
metoprololsuccinatexl 2.7306 1.9704 -3.7796 1.904 0.50761 3.0938 1.6277 
ceftazidime -1.0083 0.21385 4.0812 -0.5749 -0.52563 -2.1753 -0.20464 
ascorbicacid -2.1766 0.91897 -2.0606 4.4443 0.42144 -4.0786 3.3203 
isosorbidemononitrate(extendedrelease) 2.6102 2.2025 -4.13 -0.41371 -1.5929 -0.57919 2.7048 
aluminum-magnesiumhydrox.-simethicone 0.53008 0.73456 -1.3883 1.1588 -1.5767 0.62114 2.0533 
cisatracuriumbesylate 1.5694 -1.8032 5.1491 -3.2824 3.2885 -1.7128 -2.8622 
calciumacetate 3.0729 2.5047 0.052861 -0.71583 -2.4677 -2.2901 2.1022 
clonidine 0.58559 -0.07329 -0.83767 0.41195 -0.37606 4.9893 0.22503 
artificialtearointment 0.084812 -2.348 3.3463 -1.5806 1.0838 0.8304 -1.3511 
nitroglycerinsl 2.2901 1.3461 -2.2749 0.10621 -1.6069 -1.1196 2.4678 
simethicone 0.85111 1.4678 -1.2079 1.3969 -0.75492 0.12932 1.6436 
linezolid 0.41638 1.4823 4.0587 0.42039 0.040232 -0.98778 -0.49592 
sodiumchloride -0.49853 -1.3806 1.362 -4.284 -0.19662 2.6555 -1.4989 
metolazone 3.4614 3.5054 -0.069653 -0.32163 1.3103 -1.3713 -0.102 
valsartan 1.4976 1.2973 -3.1144 0.13354 -1.2361 1.2294 1.9782 
bt_p2 -2.446 1.0092 4.0274 -1.6458 1.2398 -0.33613 -1.9506 
vecuroniumbromide -1.4038 -1.9795 3.8953 -3.2731 2.2178 -0.33332 -2.505 
ampicillin-sulbactam 0.80232 -1.4973 4.6827 2.6815 0.16671 1.4857 -0.032395 
tamsulosin 2.9477 -0.54818 -3.4535 3.1145 1.7706 1.4518 1.9341 
pravastatin 2.56 -1.2312 -3.5542 2.0508 0.90472 -0.25203 2.4214 
golytely 0.11468 0.24676 0.66722 -0.40202 -1.3986 -0.12131 0.9644 
nephrocaps 4.9966 2.0439 -0.97779 0.97568 -2.4577 -1.1373 2.9614 
glyburide -1.0173 0.92887 -5.4641 0.54691 1.6494 -2.0402 2.0468 
tiotropiumbromide 1.4518 0.62689 -0.60017 5.9242 1.7337 -1.8609 2.4792 
vancomycinoralliquid 2.0942 1.225 3.7371 1.2643 0.59767 0.75708 -0.62548 
sertraline 1.6194 -0.7665 -1.2451 3.6123 -0.037832 0.99679 2.2991 
isosorbidedinitrate 1.3945 2.9858 -2.1805 -1.8122 -2.5424 -1.9491 2.2923 
alprazolam -0.77093 -0.16705 -1.4725 1.5776 -0.48217 0.02125 1.764 
cyanocobalamin 0.015248 -0.8046 -0.44466 2.6952 -2.6024 0.086031 3.2338 
losartanpotassium 1.185 1.3323 -3.2387 0.48015 -0.88269 0.27074 2.1416 
cyclosporinemodified(neoral) -1.2009 2.9156 2.6806 -4.8933 -4.0077 -1.4624 0.67071 
ampicillinsodium -0.49742 -1.4163 4.283 0.38682 -0.82904 -1.215 0.34925 
phenytoin(suspension) -2.8802 -1.8666 0.767 -2.1949 -1.3428 3.5103 -0.24462 
protaminesulfate 2.231 -4.2944 -1.3974 -3.669 3.8837 -3.4768 -0.24202 
0.45%sodiumchloride 3.4444 -0.58792 1.3504 1.1183 -0.16024 4.193 0.22449 
oxycodone -2.4678 1.4091 -0.08172 -0.30298 -3.4883 -3.0389 2.8364 
oxycodoneliquid -1.0488 0.46636 1.4797 2.001 1.0885 3.5954 -0.58172 
chlorothiazidesodium 3.4483 2.6983 0.54831 -1.6228 1.7305 -1.7797 -0.73828 
sulfameth/trimethoprimss 3.5337 1.7997 2.0539 -0.20126 -4.2023 1.0896 2.0568 
metformin(glucophage) 0.21846 0.069039 -6.5101 2.031 2.7236 1.7777 1.7536 
rosuvastatincalcium 2.2036 -1.6693 -4.6492 2.806 2.6596 -0.29445 2.2169 
bt_m3 0.71369 0.074017 0.49106 -2.1952 2.0692 -0.16513 -1.3353 
esmolol 0.92638 -0.60983 0.53392 -2.3076 0.9952 -1.3132 -0.51926 
hydrocodone-acetaminophen -1.1293 -0.69093 -1.6576 1.1817 -0.36935 -0.083107 1.6967 
octreotideacetate 3.727 -0.58056 3.7019 -1.4402 -3.4793 0.92786 1.0385 
eptifibatide 4.1174 0.70545 -3.6904 -3.3257 -2.2545 -3.3223 3.1535 
mupirocinnasalointment2% 4.8117 -3.7 -4.1117 2.2236 4.8312 0.72303 1.0774 
latanoprost0.005%ophth.soln. 4.3105 -0.85237 -1.9538 1.8915 -0.011317 -2.0305 2.7844 
cepacol(menthol) 0.79794 0.92774 -1.5646 3.0403 0.85575 2.4456 1.1257 
lansoprazole -2.7877 0.86915 0.022369 -1.5858 -2.2235 -3.453 1.8285 
ciprofloxacin -0.43212 -0.21739 4.2227 -1.3294 -0.62293 -2.4864 -0.19713 
metoprololxl -0.60327 3.1277 -3.8815 -1.8248 -2.7675 -2.5067 3.01 
sodiumcitrate4% 7.0575 1.8436 2.1677 -2.3947 0.80945 3.6087 -1.5415 
mirtazapine 0.97842 0.092948 -0.22547 3.9974 -1.4497 0.27112 2.8948 
bupivacaine0.5% -7.2647 -4.1838 0.76634 2.6044 3.8739 -1.9163 0.18664 
succinylcholine 0.44051 -2.9278 5.2864 -4.0372 1.6804 0.4798 -2.8251 
uo_p1 -2.1823 0.15167 1.6239 -3.2599 0.3849 1.1972 -1.5479 
fluticasone-salmeteroldiskus(250/50) 2.5161 -0.17337 -0.91052 5.8615 2.1159 0.24544 2.1847 
sevelamer 2.4795 2.9242 0.043603 -1.1927 -3.3041 -2.3434 2.3357 
bm_m1 0.99516 0.8606 0.16711 0.96652 1.191 2.9381 -0.43159 
bupivacaine0.1% -4.8916 -4.7257 -0.71348 4.4064 7.1268 3.0564 -1.357 
glipizide -0.5348 1.0157 -5.1361 0.57531 1.468 -1.5685 1.9085 
potassiumchl40meq/1000mld51/2ns -1.3959 -1.8659 0.99461 -0.08218 -1.7031 2.441 0.83068 
hydromorphonep.f. -5.8137 -3.1525 0.83893 2.7239 4.6009 -2.0126 -0.21153 
desmopressinacetate 1.6446 0.084794 2.2732 -2.3232 -1.0676 0.55638 -0.3714 
dexmedetomidinehcl -2.3282 -0.89132 0.40934 -3.5951 1.7864 -3.7874 -0.77454 
prismasate(b22k4) 5.9784 1.492 4.2093 -3.4233 2.1126 1.9691 -2.8602 
oxycodonesr(oxycontin) -0.45354 0.056704 -0.7011 3.4969 -0.21387 3.0148 1.5621 
fludrocortisoneacetate 1.3775 -0.47826 3.047 -0.55567 -0.3766 -3.0275 0.57214 
ezetimibe 1.4427 -1.1085 -4.5774 2.4874 2.1808 -2.0729 2.5859 
prismasate(b32k2) 5.4887 1.5598 4.3255 -3.1274 2.214 0.24166 -2.4831 
methadonehcl -3.8307 0.70209 2.0308 -0.52895 -2.1734 -1.4099 0.99824 
fluoxetine 1.6741 -0.77864 -1.1491 3.661 0.58331 1.4776 1.8886 
erythromycin0.5%ophthoint -0.64328 -0.98856 0.95821 -0.26825 -0.6978 0.22353 0.5725 
nesiritide 1.2365 3.4701 -0.62798 -4.1065 0.77256 -5.3665 0.039644 
montelukastsodium 0.73955 -0.39638 -0.41087 5.8158 0.55668 -2.6209 3.2503 
methylprednisolonenasucc -0.70317 0.1417 3.4239 -2.4076 -3.3787 -3.3216 1.3383 
promethazinehcl -1.997 -1.4083 -0.30075 -0.87053 -3.1598 -2.1542 2.7332 
acetaminophen-caff-butalbital -1.538 -1.7728 -2.6931 0.1042 -0.5573 5.4144 0.97624 
hespan -0.95052 -1.0928 -0.89926 -3.0784 3.2281 -4.5947 -0.57335 
cephalexin -0.25616 0.76187 -3.1625 -0.062997 -0.0055427 0.73414 1.3461 
gentamicinsulfate -0.4724 -0.64106 3.3203 -1.0661 0.48241 -1.2193 -0.71811 
nifedipinecr 1.9817 1.452 -2.8212 -1.4552 -3.8442 1.9522 2.6823 
0.83%sodiumchloride 4.1483 -4.1212 -4.1061 -4.9287 1.5071 6.8063 -0.52562 
morphinesulfateir -1.2505 0.94887 0.64103 3.0628 -1.3644 2.261 1.4977 
nadolol 0.85653 0.86933 1.2078 0.40358 -2.9787 1.2406 1.6521 
diltiazemextended-release 0.55216 1.7565 -1.4669 1.7652 -1.0687 0.224 1.999 
sodiumchloride3%(hypertonic) -1.1658 -1.5221 1.4205 -3.5305 -0.25846 2.7607 -1.2189 
bm_p5 1.3363 1.6729 0.18912 1.5896 2.8482 1.6972 -0.9095 
dobutamine 2.1628 0.33222 1.2103 -2.9873 2.0819 -4.5595 -0.64339 
neomycin-polymyxin-bacitracin 7.251 4.8531 1.704 0.12348 0.15363 4.1115 -0.63653 
tacrolimussuspension 3.7102 2.4826 3.555 -1.1705 -0.75404 3.354 -1.1114 
d10w 1.4452 -1.1533 2.1349 -1.2839 -0.46375 1.3543 -0.29381 
fluticasonepropionatenasal 2.1693 0.17326 -1.1579 5.0942 0.77703 0.14825 2.6156 
clonidinehcl -2.8347 1.8214 0.078271 -3.4007 -3.2909 -2.3635 1.4853 
midodrine 3.8145 2.1293 2.0304 0.2077 1.0034 1.8668 -0.86122 
finasteride 2.2463 -0.5146 -3.4439 2.5981 0.89558 -0.84177 2.6295 
nafcillin -0.17513 -0.40964 1.9785 0.37785 1.2226 1.6884 -0.86889 
risperidone -1.2703 0.12125 0.3817 3.0759 -1.2687 -0.2084 2.1949 
albumin25%(12.5gm) -1.5614 1.4905 2.97 -5.3816 -1.763 -2.7962 -0.66005 
fluticasone-salmeterol(250/50) -0.56697 0.69723 -0.32244 3.8411 -0.60606 -3.4859 3.1631 
readi-cat2(bariumsulfate2%suspension) 2.2567 -0.1724 3.1855 1.0329 1.6384 4.6921 -1.4926 
etomidate -2.3283 -3.0203 6.3111 0.12186 2.5868 -1.7606 -1.8584 
oxycodone-acetaminophen(5mg-325mg) 3.7822 -4.5497 -4.3009 1.6886 5.3012 1.2789 0.7688 
citalopram 2.6455 -1.2117 -1.4406 4.4015 1.138 2.5669 1.9478 
nimodipine -1.6062 -3.2561 -0.80427 -4.087 -0.57137 3.1164 -0.31068 
bumetanide 1.7301 3.4984 -0.55812 -0.77687 0.5438 -2.3582 0.4122 
heparindwell(1000units/ml) 6.7284 4.0865 0.20133 -1.1865 0.0047704 4.9019 -0.64177 
potassiumchl40meq/1000mlns -0.91272 -2.7089 0.58269 -0.70024 -1.8248 3.1765 0.82597 
acetazolamide -0.71506 2.0159 0.74403 -0.52289 0.83828 0.04259 -0.54242 
paroxetine 1.4957 -0.52502 -1.2454 3.9723 1.0784 1.0085 1.8097 
daptomycin 1.9806 1.3037 4.1111 0.8853 0.46524 1.3954 -0.89583 
nsepiduralbag -6.547 -3.5313 0.9069 1.3993 2.7405 -2.5216 0.31874 
aztreonam 0.70161 0.55461 4.0241 0.86563 -0.4262 -0.62537 -0.0056464 
aluminumhydroxidesuspension 2.4157 2.6555 1.7028 -2.1957 -1.7747 -1.9568 0.56558 
metformin -3.5807 1.5885 -6.0109 -0.18954 0.3422 -4.1987 3.0806 
torsemide 3.0511 4.4608 -2.4415 1.8124 1.2895 1.7942 0.68264 
heparinflush(1000units/ml) 5.5409 2.1063 1.4408 -0.12456 0.18134 3.5469 -0.47717 
fexofenadine 0.41276 0.387 -1.3584 3.8877 -0.51203 -0.82408 2.9291 
syringe(0.9%sodiumchloride) 2.8087 3.1031 2.929 -0.88806 -0.7626 6.5163 -1.3861 
benzonatate 0.47924 3.4975 0.49441 4.7345 -0.76659 0.29478 2.0749 
colchicine 1.9211 1.0243 -2.5051 1.2726 0.53117 -0.14533 1.4933 
bupropion(sustainedrelease) 0.62548 -1.0456 -2.5274 3.8424 0.56998 0.73243 2.5039 
erythromycin 0.59072 -0.48343 2.2015 -0.97721 -0.050287 1.0325 -0.53938 
tobramycinsulfate 0.29728 1.1939 4.2942 0.95121 1.4081 1.0469 -1.461 
albuterolmdi 0.94494 -0.78345 2.6544 1.943 2.1609 -1.2141 -0.27041 
rifaximin 2.0888 0.52917 2.5569 1.7953 -2.1727 2.5655 1.1633 
citratedextrose3%(acd-a)crrt 7.2085 1.2549 4.5612 -3.4072 2.3578 1.8351 -2.6613 
potassiumchl20meq/1000mld5ns -2.4842 -3.0603 -0.023186 -0.95996 -1.4628 2.9466 0.84339 
enalaprilmaleate -0.26947 0.74881 -2.3945 -1.056 -1.6809 0.22513 1.6821 
potassiumchloridereplacement(oncology) 0.024294 -0.10102 2.1763 1.6909 -1.4559 2.7259 0.64801 
lidocaine 2.046 0.33284 -0.53733 -2.0572 2.2483 -2.8066 -0.42209 
heparinflush(100units/ml) 0.8108 1.0799 1.1167 1.9469 -0.32487 3.3593 0.37772 
brimonidinetartrate0.15%ophth. 3.6683 -0.92227 -2.0513 1.5778 -0.29858 -2.4367 2.9988 
oxazepam -2.1705 0.3673 -4.2074 -0.35113 0.34159 -4.2203 2.6224 
valganciclovir 5.1402 2.3051 3.5939 -0.060154 -3.3358 4.4736 0.90885 
epiduralbag -4.2959 -3.5228 0.5596 5.0159 5.2743 2.6507 -0.52525 
acetaminophenw/codeine -1.3033 -0.014471 -2.4671 0.25583 -0.91564 -0.65677 2.0117 
sertralinehcl -1.4017 1.3314 -0.57208 0.29969 -1.7424 -4.8898 2.7013 
sirolimus 1.2135 1.8549 1.6854 -1.7847 -3.1972 -0.31333 1.1539 
donepezil 0.75167 -0.80592 -1.9529 3.0707 -0.9833 -0.1006 3.0737 
tuberculinprotein 1.0704 1.5703 0.45652 0.092263 -1.4843 0.5916 0.94122 
cetylpyridiniumchl(cepacol) -1.7258 1.3382 -1.1782 -0.088261 -1.6201 -2.5643 2.1368 
d5lr -0.73467 -2.1969 1.6257 -0.13669 0.66265 1.12 -0.239 
baclofen -1.1553 -0.50748 0.45134 3.4694 -1.1758 1.766 1.9004 
calcitriol 4.126 1.2627 -0.98794 1.6614 -1.9964 -0.7144 2.9179 
argatroban 1.4668 1.7778 2.0349 -0.52781 1.1746 -1.1777 -0.78714 
morphinesr(mscontin) -1.2411 0.33715 -0.22194 3.6242 -0.13361 3.654 1.1334 
phenytoinsodiumextended -1.6524 -2.6149 -2.4092 0.17329 -0.69283 6.544 0.95315 
escitalopramoxalate -0.5139 -1.0414 -1.8415 2.4759 -0.38766 -0.29066 2.4361 
hr_m1 0.39653 1.7378 -0.16832 -1.3363 0.46853 -0.14607 -0.20554 
zincsulfate -1.5771 1.9167 0.47356 2.7028 -2.0736 -3.8698 3.0031 
venlafaxinexr -0.57208 -0.42804 -1.3788 3.4754 -0.95273 -0.19647 2.8173 
duloxetine 0.67547 -1.0335 -1.004 4.4084 0.05821 1.3128 2.4279 
guaifenesin-dextromethorphan -0.08915 2.4032 -0.12992 3.0262 -0.85526 -0.93248 2.0593 
artificialtearspreserv.free 1.6469 -0.95731 0.62608 -0.16319 1.2917 0.22217 -0.19699 
famotidine(iv) -2.8799 -3.3025 1.8369 -3.41 -2.7863 -2.2728 1.3471 
magnesiumcitrate -0.89786 0.019955 -0.073933 0.68787 -0.31066 0.90032 0.68475 
tamsulosinhcl -0.82267 0.67051 -2.8449 0.36955 -0.76448 -3.6322 2.7244 
aminoacids4.25%w/dextrose5% -1.5701 -1.9744 3.9544 -2.8932 -4.1272 2.4825 0.27897 
lamotrigine -0.95166 -2.3596 -0.51158 2.5655 -1.1619 1.7628 2.1863 
enalaprilat -0.72463 -0.14606 -1.0761 -3.3782 -1.4771 -0.21568 0.59723 
nsepiduralbag(0.9%nacl) -7.6349 -3.2727 1.2552 2.7558 2.5861 -1.4379 0.43089 
ondansetronodt 0.75403 -0.058908 -0.49195 2.1735 -0.91676 3.3562 1.4093 
isosorbidemononitrate -0.021614 0.0090832 -3.8769 -1.881 0.1038 -2.98 1.8597 
anti-thymocyteglobulin(rabbit) 2.9488 1.2724 3.5862 -2.1017 -3.5903 1.2475 0.74778 
sulfameth/trimethoprim 0.56096 1.1959 4.4973 -0.67348 -2.5242 -0.88967 0.54247 
valproatesodium -2.6569 -1.8187 2.416 -0.71437 -0.72953 1.7272 -0.28256 
sulfameth/trimethoprimsuspension 3.4731 -0.038049 4.6858 -0.66011 -3.6594 2.2057 1.0783 
caspofungin 0.44403 0.87129 4.4605 -1.898 -0.58481 -1.2601 -0.83263 
bm_p6 1.1964 2.3066 0.049569 1.8908 2.4578 1.2887 -0.55004 
doxycyclinehyclate 0.54796 0.12976 2.1932 0.97805 -0.81151 0.68716 0.52761 
sevelamercarbonate 5.6921 1.8427 -0.65087 1.5841 -0.50309 2.5762 1.3009 
maalox/diphenhydramine/lidocaine 0.98669 1.113 0.27071 1.7034 -1.3661 0.97768 1.5329 
mycophenolatemofetilsuspension 5.1676 -0.51502 4.5062 -1.2782 -3.0697 3.4226 0.62777 
guaifenesin-codeinephosphate 0.22448 2.6556 0.55298 3.4341 -0.72157 -0.92739 1.8706 
scopolaminepatch -1.1665 -0.32089 1.3939 0.45722 0.26612 1.6634 -0.22178 
valproicacid -2.9772 -0.77101 1.7555 -0.09183 -1.1507 0.96808 0.35289 
nicotine -4.0738 -0.53175 -1.3548 -0.94854 -2.5971 -2.4754 2.5944 
albumin25%(12.5g) -0.12118 1.5284 3.3142 -2.1548 -0.54046 -2.9891 -0.30709 
loperamide 1.1605 1.8671 1.2151 1.4896 -1.0901 2.4105 0.64007 
paroxetinehcl -2.2886 0.49208 -1.2978 0.75405 -1.763 -3.3111 2.8193 
tramadol -1.723 1.3527 -1.9141 0.60639 -1.4618 -3.2598 2.6682 
promethazine -0.6742 -1.7138 0.095129 1.608 -0.36468 4.4676 0.60703 
ranitidine(liquid) 0.78167 -0.76186 0.90498 0.34704 2.1859 -0.195 -0.55782 
nitroglycerinointment2% 1.495 0.6772 -0.11487 -0.87062 -1.6642 -0.037608 1.1713 
filgrastim 1.476 0.429 4.0181 -0.80762 -1.8096 0.42922 0.063132 
fluoxetinehcl -2.3367 -0.11534 -1.6115 0.8424 -2.1376 -3.3699 3.2066 
lidocaineviscous2% 0.33317 0.36362 1.0908 0.6495 -1.3666 0.34722 1.0548 
bupropion -0.115 -0.90709 -0.94936 3.2507 0.41267 0.083966 1.8962 
bacitracinointment -1.3706 -1.4128 0.55401 0.10707 -0.62666 -0.33168 0.95492 
phenobarbital -2.3612 -1.3272 2.4286 -0.88716 -0.71809 2.2159 -0.4946 
ibuprofensuspension -1.8357 -0.82791 2.7928 -0.78978 1.06 1.3174 -1.4082 
amoxicillin-clavulanicacid -0.095123 0.92796 -0.61028 1.6083 -0.94893 1.1709 1.4448 
oxymetazolinehcl -2.157 0.89464 1.8229 -0.96268 -1.4005 -2.86 0.84255 
ursodiol 1.537 0.97479 1.6251 1.7566 -2.5424 0.088554 2.0284 
carbidopa-levodopa(25-100) 0.38516 -1.0391 -0.24807 1.9685 -0.43492 -0.87351 1.9848 
phosphorus 0.038688 -0.21471 0.71044 1.3919 1.3769 4.2868 -0.71465 
clonidinetts1patch -3.4625 0.37266 0.4385 -2.9585 -2.873 -0.94918 1.0656 
oxybutynin 0.32236 0.043543 -1.4995 1.8954 -0.72411 0.1278 2.0718 
lamivudine 1.6608 0.4582 1.8417 1.0683 -2.6003 0.25458 1.8142 
verapamilhcl -1.5638 1.8539 -0.58443 -0.75105 -1.9142 -1.144 1.4345 
nifedipine 0.8299 1.6783 -1.2229 -2.4946 -4.0196 0.51752 2.0768 
ferrousgluconate -1.1704 1.5543 -4.1424 2.3449 -0.21577 -2.7128 3.3884 
calciumchloride 1.776 -0.98818 1.71 -2.3441 1.8373 -2.7804 -0.81718 
doxazosin 1.857 0.46613 -2.6828 0.79588 -1.1927 0.44801 2.2741 
metoprololxl(toprolxl) 1.1134 2.0404 -2.5498 0.45776 -1.0474 -0.87019 2.1347 
micafungin 2.2103 1.1718 5.2007 1.2748 1.4944 3.3456 -1.9627 
gemfibrozil 0.81423 -0.86629 -4.121 2.656 1.2688 -1.6998 2.7669 
dorzolamide2%/timolol0.5%ophth. 3.1253 -0.31937 -1.5802 1.4218 -1.1479 -1.9752 2.9901 
fosphenytoin -0.35305 -2.0749 1.8971 -1.0498 0.8863 5.9608 -1.5995 
timololmaleate0.5% 2.842 -1.1885 -1.6776 1.5787 0.29679 -1.0155 2.1011 
amp 3.768 -0.035626 4.4219 -1.2741 -3.2007 0.16749 1.0125 
oxycodone(sustainedrelease) -3.5508 0.30907 -0.41107 0.35073 -2.4299 -2.2351 2.4828 
oxacillin -2.3462 0.071118 1.5149 -2.2659 -1.6413 -2.8161 0.83988 
racepinephrine -0.99769 -0.76215 1.5338 0.33459 0.55719 0.54697 -0.19418 
multivitaminsw/minerals 0.19312 -0.79121 -0.54533 2.4219 -1.9132 1.2774 2.5278 
hydroxyzine 0.042699 0.71925 0.32427 3.2462 -0.71376 2.5508 1.3632 
bm_p7 0.71132 1.5126 0.22913 0.87319 0.88402 1.8234 -0.15903 
unasyn -1.314 -0.77505 2.8702 -3.0655 -2.8763 -2.6664 1.0836 
d5w(glassbottle) 1.1219 0.87916 1.5639 -5.6372 -3.3862 -2.0286 0.68238 
ganciclovir 1.405 1.169 5.1471 -1.713 -3.2098 -0.65534 0.54664 
lansoprazoleoralsolution -2.2395 1.3405 0.99635 -2.7697 -1.4964 -4.6593 0.95399 
chlorhexidinegluconate -2.7739 -0.76743 1.7428 -0.96899 -1.43 -2.868 1.0619 
yellowcaddcassette -4.0494 -2.823 0.91456 5.2191 4.8292 4.5843 -0.917 
naloxonehcl -0.82527 0.49696 1.6704 -0.67184 -2.0005 -1.9779 1.2111 
lacri-lubeoint -2.6808 -1.5389 2.465 -4.5107 -0.75281 -3.7302 -0.14009 
propoxyphenenap.-apap(n-100) -0.87909 0.5812 -3.4694 0.52438 1.6414 -3.0161 1.537 
venlafaxine -1.0453 -0.67284 -0.40914 2.6105 -0.63658 -0.75357 2.0409 
loperamidehcl -1.5105 2.2955 1.4533 -1.06 -2.1484 -2.4779 1.1279 
cyclosporine(sandimmune) 1.3929 1.1648 2.6515 -2.9308 -1.9469 -0.87163 -0.0075518 
verapamilsr -1.1091 0.56784 -1.5083 0.88688 -1.3476 0.019418 1.9641 
alteplase 0.33102 0.23326 1.7725 -1.0511 -0.69059 0.73699 -0.13912 
salmeterolxinafoatediskus(50mcg) -1.1264 1.0995 0.10509 3.7048 -0.36739 -4.5814 3.0054 
albumin5%(25g) 0.23627 0.79892 2.5871 -2.1961 0.38347 -3.4728 -0.42561 
heparinflush(5000units/ml) 3.9035 2.0955 2.138 -0.11676 0.86585 0.83344 -0.65316 
lactuloseenema 2.3114 0.64861 2.904 1.395 0.35239 2.9253 -0.50634 
aluminum-magnesiumhydroxide -1.4606 1.6324 -2.1615 -1.0486 -2.7139 -3.0295 2.9764 
penicillingpotassium -1.0102 -0.24591 1.165 -0.92295 -0.27058 -1.5449 0.29382 
amitriptyline 1.3455 -1.0523 -1.8378 3.9176 0.816 2.004 2.0345 
miconazole2%cream -0.10708 0.82701 1.7876 1.0682 -0.76527 0.027267 0.68223 
nitroglycerinoint.2% -2.6108 0.746 -0.52043 -3.9588 -2.5842 -2.5002 1.3143 
xopenex -0.48311 2.0809 0.90533 2.8151 0.43001 -0.89164 0.95563 
naloxone 0.42329 -1.2309 1.8126 2.3022 1.827 2.8408 -0.47074 
phenytoininfatab -1.4752 -2.0747 -1.3176 0.78976 0.10936 6.0556 0.27057 
fishoil(omega3) 2.3614 -1.5683 -3.2376 3.4081 1.4879 0.56294 2.4762 
aripiprazole -0.061731 0.16223 0.18325 4.1147 -0.43215 0.93602 1.9936 
acetylcysteine(iv) 1.398 -1.5658 2.5614 0.21708 -0.61411 1.9092 0.20212 
chlorasepticthroatspray 0.12353 -0.32302 0.34587 2.1302 0.89176 3.7781 0.012071 
xopenexneb 1.279 1.9165 0.45799 3.9365 2.3836 1.8279 0.055496 
albumin5%(12.5gm) -0.99088 0.79765 2.074 -4.8987 -0.65352 -3.1833 -0.64764 
lidocainejelly2% -0.76285 1.3762 0.99328 0.25541 -1.1645 -0.6427 0.78638 
voriconazole 0.3777 1.0478 3.8368 0.90522 -1.3165 1.0942 0.12574 
nystatincream 0.16773 1.4581 2.0939 0.52836 -0.86917 0.10975 0.35451 
divalproexsodium -3.1117 -1.0026 0.72928 0.31127 -2.6905 -1.4439 2.2194 
valganciclovirhcl 0.29357 2.5078 4.2005 -3.3271 -5.1349 -1.9773 1.4854 
imipenem-cilastatin -1.3765 0.59344 4.2992 -0.91397 -1.0002 -2.5766 -0.021514 
phenytoinsodium(iv) 0.051464 -3.3367 1.0215 -1.8448 1.6056 5.724 -1.7157 
verapamil 1.033 1.5199 -0.45185 1.893 0.73104 2.3725 0.36983 
cefpodoximeproxetil 0.79185 2.2491 -0.54132 1.7912 -1.1898 0.74703 1.6134 
valganciclovirsuspension 3.7396 0.7743 5.9106 -0.66213 -2.8177 2.4291 0.27515 
buspirone -1.0787 -0.60327 -0.98389 3.3512 -0.90671 -0.44352 2.74 
tolterodine -0.31726 -0.53935 -2.0239 2.1979 -0.8646 -0.95058 2.7155 
alendronatesodium -0.097841 1.2656 -1.0355 0.72784 -0.66629 -0.45909 1.3948 
amoxicillin 1.4734 1.2064 -0.94761 -0.3764 -2.5702 -0.03067 2.0077 
albumin5% 2.892 -1.0076 3.2529 0.13798 2.8717 2.9508 -1.8723 
calciumreplacement(oncology) 0.31491 -1.0971 3.3788 1.2715 -1.9736 1.7966 0.87303 
morphinesulfate(oralsoln.) -0.55512 1.5316 0.91612 1.9998 -1.2429 1.5467 1.1278 
prednisoloneacetate1%ophth.susp. 1.9227 -0.62541 -0.86358 1.3239 -0.71951 -1.2578 2.1293 
amitriptylinehcl -1.5813 0.075118 -0.75813 1.8136 -1.039 -2.4357 2.4943 
hydrocortisone 0.69655 0.36513 0.9815 0.78038 -0.47811 -0.015693 0.77722 
oxymetazoline 1.7753 0.9521 0.94217 1.6601 0.71961 1.6471 0.071487 
ferroussulfate(liquid) 0.13593 0.72283 1.3151 1.2643 -0.6269 -0.72308 0.92827 
heparinflushport(10units/ml) -1.1017 0.42669 0.77318 0.73612 -1.7251 -0.84353 1.5861 
rosiglitazonemaleate -0.97082 1.3138 -4.1947 0.23476 0.20745 -3.6054 2.616 
ambisome 0.25301 0.62469 4.6159 -1.3334 -0.81673 -1.4334 -0.52321 
pregabalin 1.3006 -0.69133 -0.24908 3.7627 -0.44288 2.4709 1.9401 
nortriptyline -0.19319 -0.63385 -1.2652 3.7122 -0.56435 -0.33465 2.7338 
multivitamin12 -3.2818 -1.0252 2.4696 -2.8499 -2.7415 -1.718 0.84591 
codeinesulfate -0.39408 0.52024 -0.71109 1.2263 -1.0746 0.94169 1.5376 
glipizidexl -0.20385 1.3794 -4.1268 0.85052 0.055305 -1.3439 2.3626 
ipratropiumbromide -2.4494 0.45975 1.0396 -0.21022 -1.1716 -5.0678 1.9378 
terazosin 2.8337 -0.44167 -2.6634 2.3579 0.95566 1.0928 1.8567 
nystatinoralsusp. -2.4622 0.88768 1.3928 -1.8678 -1.3342 -3.3153 0.77596 
oxcarbazepine -0.58923 -1.1708 -0.30784 1.3353 -1.2886 1.1491 1.7085 
adenosine 0.40653 0.67168 0.85789 -1.2387 1.105 -1.1985 -0.55669 
sotalol 1.454 0.11822 -1.7596 1.3871 1.2891 1.1985 0.75983 
carbamazepine -1.1648 -1.3443 -0.45487 1.3156 -1.0386 0.70296 1.657 
methylnaltrexone 0.62374 0.20299 1.7755 1.3322 1.6417 3.9464 -1.0731 
benztropinemesylate -1.9187 -0.42066 0.35815 1.9006 -1.5632 1.0296 1.7388 
normocarb 1.3448 -1.0176 3.0971 -6.2217 0.49397 -0.61137 -2.1923 
fluticasone-salmeterol(100/50) -0.62155 0.84708 -0.089723 2.5472 -0.9085 -2.8091 2.5027 
ketamine -2.2108 -1.9743 2.2451 2.4286 2.8497 3.9383 -1.2874 
clonidinepatch0.3mg/24hr 1.4948 0.25552 -0.687 -0.54449 -0.72877 4.6333 0.18474 
albumin5%(12.5g) -0.34844 0.16669 1.8808 -2.1978 1.4084 -3.1209 -0.76746 
moviprep 1.8883 0.43131 -0.34378 1.6861 -0.16258 2.5374 0.9492 
mucinex 0.065007 1.5296 -0.28639 2.8562 1.2543 -0.39169 0.89901 
psyllium 0.43449 1.3894 -1.6482 1.4414 -0.15075 -0.22497 1.5809 
sevelamerhydrochloride 4.4936 1.8372 -0.063069 2.0754 -1.1624 1.1754 1.9601 
doxercalciferol 5.3881 2.6279 0.54436 0.48202 -0.63464 1.6466 0.77664 
topiramate(topamax) -0.30767 -1.8078 -0.24864 3.4875 -0.84547 2.733 2.2045 
fluticasone-salmeteroldiskus(100/50) 2.2986 -0.71403 -0.99715 4.02 1.7353 0.36161 1.5602 
clonidinepatch0.1mg/24hr 0.33682 -0.56596 0.19405 0.31607 0.10221 4.6821 -0.25102 
bm_m3 0.81105 1.1363 0.52932 0.56152 0.32289 2.5132 -0.17887 
phenasepticthroatspray -2.5665 0.0099465 0.55157 -0.75573 -1.1401 -1.1242 0.82637 
ritonavir 1.1336 -0.71379 1.5619 2.3354 -1.3462 1.0221 1.6439 
cyclobenzaprine 0.21015 -0.76388 -1.0335 2.9419 0.85552 2.4719 1.2079 
heparin(crrtmachinepriming) 7.2162 -0.092711 3.0451 -1.6766 2.0614 1.3247 -0.92358 
amlodipinebesylate -1.2052 1.8897 -2.2007 -2.5332 -2.2929 -3.493 2.285 
azathioprine 1.9015 0.67235 0.35793 0.78492 -2.7638 0.28729 2.1423 
fleetphospho-soda -1.9697 0.62003 1.0778 -0.99801 -1.53 -0.99577 0.82438 
fluticasone-salmeteroldiskus(500/50) 2.0766 0.50169 -0.21261 5.1029 1.1748 0.6912 1.9406 
pyridostigminebromide -0.06339 1.4687 1.039 0.48389 -1.2935 3.813e-05 0.8137 
hydroxyzinehcl -2.2909 -0.40116 -0.76609 -0.41711 -1.6258 -2.2463 2.068 
indomethacin -0.19695 0.80246 -1.9232 1.4984 0.46992 -0.059053 1.2758 
oseltamivir 2.0748 -0.3164 3.1992 3.2928 0.81813 0.9985 0.363 
polysaccharideironcomplex -2.256 0.88097 -3.1066 0.11365 -0.97591 -3.3848 2.803 
tricor 0.73487 -0.41787 -3.5339 1.4127 0.45666 -0.7704 2.2412 
lidocaine2% 0.54001 -0.18159 1.9655 1.1742 0.281 0.86271 0.13844 
phenazopyridinehcl -1.1374 1.5951 -0.16871 -0.070905 -1.8466 -1.3066 1.6648 
epinephrine1:1000 0.48746 -0.91157 1.5247 2.4141 -1.2296 0.54879 1.6626 
clarithromycin 0.63575 0.51041 -1.0163 0.39746 -3.0067 0.3514 2.4601 
fondaparinuxsodium 0.15461 0.55698 1.224 0.636 0.44584 0.60286 -0.079149 
quinapril -1.1744 -0.084793 -3.1388 -0.058358 -0.86488 -0.11499 2.1182 
gastroview(diatrizoatemeglumine&sodium) 1.7399 -0.26711 2.777 0.9073 1.8077 3.9004 -1.3802 
propranolol 0.64781 0.63465 0.089327 1.3415 0.096605 2.8924 0.33985 
morphinesulfatesr -2.5107 0.63525 -0.14927 0.70266 -2.5821 -1.7623 2.514 
hydroxyurea 0.88865 -0.13406 0.7169 0.9495 -0.9095 -0.092285 1.2122 
terazosinhcl -0.71332 0.60379 -2.4751 0.55676 -1.7735 -2.4546 3.0248 
chlorpromazine -0.83404 -0.5642 0.3816 0.4371 0.060282 1.354 0.27079 
tizanidine -0.30514 -0.95649 -0.72437 3.3561 1.0081 2.7158 1.0499 
midodrinehcl 0.33805 1.7314 2.0521 -1.7356 -2.1877 -2.1465 0.82195 
ascorbicacid(liquid) -1.0769 2.3669 1.5187 2.2019 -0.72236 -2.1553 1.2858 
clonidinepatch0.2mg/24hr 0.70846 -0.48498 0.44176 0.4331 -0.39824 4.4373 0.090164 
divalproex(delayedrelease) -0.22175 -1.0803 -0.31266 2.7784 -0.63573 2.9926 1.5011 
cholestyramine 0.36156 1.0704 0.56874 1.5241 -1.1958 0.62137 1.2528 
pioglitazonehcl -1.8541 1.0585 -4.2211 -0.090335 -0.21493 -2.5892 2.4331 
methimazole 0.79666 -0.16486 -1.6145 1.3243 0.11438 -0.14055 1.5418 
niacinsr 1.698 -1.0389 -3.3757 2.8007 2.0503 -0.092594 1.8661 
rifampin 0.17466 -0.45309 1.4202 0.5229 0.40291 0.037139 0.15845 
qvar 1.1295 -1.1807 1.6078 1.798 2.8129 -1.9996 -0.12115 
potassiumchl40meq/1000mld5w 0.30134 -0.08808 1.5055 0.39993 -0.83855 1.9232 0.34628 
mirapex 0.32021 0.25765 -0.52102 1.8013 -0.33938 -1.2957 1.8021 
propranololhcl -1.4486 0.59986 0.44943 0.32661 -2.8465 -1.0239 2.2202 
desitin -1.4546 2.2096 1.0398 -0.80004 -1.5831 -1.5073 0.77896 
lanthanum 3.0884 1.2201 -0.16074 0.093922 -1.7059 -0.068104 1.6958 
nystatin 0.27902 0.65111 1.399 0.81397 0.17512 0.71178 0.079332 
mupirocincream2% 0.58257 -0.36276 0.18839 1.0028 -0.12772 -0.56018 1.0531 
nystatinointment -1.0018 1.6117 0.87558 0.028972 -1.5527 -1.5943 1.2513 
timololmaleate0.25% 1.2965 -0.8475 -1.6277 1.3733 -0.28969 -1.2284 2.1292 
cinacalcet 4.8441 1.2095 -0.56399 1.8609 -0.64092 1.4819 1.7821 
namenda 0.26841 -0.26753 -1.02 2.34 -1.0633 0.034791 2.3594 
potassiumchl40meq/1000mld5ns -1.6911 -1.7477 0.43047 0.38204 -1.7678 2.0475 1.2707 
nicardipinehcliv -3.2603 -1.3625 -0.16989 -4.1554 -1.7919 -0.075954 0.44377 
syringe(ns) -1.9789 -0.65996 2.0332 1.6162 1.6874 3.3115 -1.1295 
ciprofloxacin0.3%ophthsoln -0.090082 -1.9755 0.58712 0.24526 -0.59925 1.7934 0.70705 
levetiracetamoralsolution -0.48557 -0.9835 0.97944 -0.32226 0.54181 4.3095 -0.80694 
lithiumcarbonate -0.45155 -0.69084 -0.052625 2.0061 -0.050046 -0.12743 1.4177 
dorzolamide2%ophth.soln. 2.4053 -0.60855 -1.6709 1.5582 -0.55974 -1.5993 2.648 
hydroxychloroquinesulfate 1.0966 -0.08102 -1.0559 2.0175 -0.81811 0.30191 2.1581 
fatemulsion20% -1.423 1.0358 1.4479 -1.9079 -0.2112 -0.1555 -0.5204 
docusate 1.3056 -2.1814 -0.46846 1.2769 0.60903 1.7403 0.876 
rocuronium 1.0177 -1.2283 2.0793 -1.2439 1.9963 1.8891 -1.6626 
heparinflushcrrt(5000units/ml) 2.8173 0.88922 2.9082 -2.339 -0.015942 -0.86263 -0.76223 
clotrimazolecream -0.094481 0.61186 0.61347 1.4876 -0.27887 0.096782 0.8792 
papain2.5%solution -1.0325 1.8678 2.3085 -1.1027 -0.55186 -0.24594 -0.42707 
silversulfadiazine1%cream 0.081796 -0.36272 0.97778 0.28363 0.28013 -0.65508 0.41979 
magnesiumsulfatereplacement(oncology) -0.79083 -0.53353 2.7107 1.3076 -2.4176 0.60466 1.4202 
mesalaminedr 0.42426 -0.22654 -1.6566 1.7091 0.071873 -0.78894 1.8678 
atovaquonesuspension 0.74972 0.45571 2.2915 1.9591 -1.365 0.59811 1.2401 
heparin(iabp) 2.9887 -0.58901 0.17821 -0.33951 1.644 -1.2087 0.12101 
dipyridamole-aspirin -0.044904 -0.30261 -1.2782 0.080178 -0.62091 -0.59442 1.5065 
mannitol -2.5299 -3.3526 1.6751 -4.0556 -0.90457 0.15768 -0.21055 
paricalcitol 3.7024 2.2853 0.60586 0.080353 -0.82875 1.352 0.75743 
amikacin 0.28383 1.0969 2.5202 -0.24288 1.1708 0.43259 -1.0581 
zonisamide -1.2828 -2.1615 -0.3369 1.1288 -1.1103 2.8261 1.2913 
cyclosporine(neoral)modified 2.652 1.3294 1.0445 0.27678 -0.92003 1.9862 0.45654 
beclomethasonedipropionate 1.8546 -1.8049 0.62365 1.4037 2.6345 -1.133 0.15718 
diphenoxylate-atropine -0.27335 0.76623 0.41575 0.98014 -1.2853 0.31342 1.2235 
clotrimazole 0.23657 0.38527 1.5665 1.2404 -1.8062 -0.56822 1.5659 
fentanylpca -2.146 -1.038 0.63328 0.33321 -0.64147 0.21895 0.69728 
ropinirole 1.5654 -0.41359 -1.2949 3.2443 0.95406 1.0443 1.624 
advairdiskus -0.44783 0.81885 -0.65424 2.8397 -0.27208 -1.9836 2.2686 
