1286 7
OTHER 0.36582 -0.53895 0.55491 -0.11271 0.25579 0.89269 0.55877 
</s> -0.21032 -1.0897 0.67514 1.4366 -2.1429 -0.57447 1.0199 
4019 -0.4373 0.71107 -0.88803 0.1351 -0.40309 0.32356 1.1915 
4280 -0.86554 1.1715 -1.608 -1.4052 0.65626 -1.519 0.46546 
3893 -1.8754 -2.4259 1.5526 0.72042 -1.4402 -0.84125 -0.080506 
41401 -0.25764 1.4662 -1.6633 -1.0718 -1.245 -1.2681 0.89041 
42731 -0.49396 1.5982 -1.0926 -0.32558 0.77156 -0.86182 1.1573 
5849 0.20668 1.472 -0.94411 -2.9578 1.6788 -0.37261 -0.081482 
25000 -0.49011 0.88111 -0.83793 -0.10412 -0.3623 -0.15996 1.0036 
2724 -1.3584 0.97333 -2.0591 -0.38819 -1.3155 0.38344 1.2703 
9604 -0.92126 -2.0822 1.1244 0.9024 -0.7593 -0.5682 0.31531 
966 -1.9468 -2.9851 1.8649 2.2223 -0.69086 -0.78649 0.78349 
9904 -1.0858 -1.29 2.1573 1.127 -2.4826 -1.9735 0.41929 
5990 -0.2075 0.36025 -0.92347 -1.8088 2.1025 -0.25664 0.13038 
51881 0.75444 0.79061 -0.85851 -2.3271 2.9775 -0.22654 0.15807 
9671 -0.74672 -1.8088 0.42533 0.91974 -1.0154 -0.34327 0.54797 
53081 -1.3267 0.8982 -0.86507 -0.34851 -1.2021 0.66993 0.94911 
3961 -0.47567 1.4078 -0.32189 2.4361 -3.1947 -2.9416 3.0815 
311 -1.1954 -1.1496 -0.34318 0.022493 -0.80725 0.87058 0.43955 
2859 -1.1038 -0.1506 -0.48822 -0.68785 -0.74438 0.36653 0.32689 
2720 -0.27447 0.57631 -1.3206 0.2329 -0.85404 -0.68279 1.292 
9672 -1.1186 -2.544 1.5886 1.7057 -0.18549 -0.96516 0.7551 
2449 -1.5814 0.49228 -0.73988 -0.15082 -0.36968 0.32798 0.79886 
8856 1.0485 -0.037702 -0.27938 1.025 -4.1584 -3.5959 1.7531 
3995 -2.3469 -2.5269 0.93996 -1.0299 -2.6765 -2.1407 -0.95168 
486 0.1375 0.85108 -0.6289 -1.8365 2.2021 -0.43934 0.22696 
2851 1.0811 2.0105 0.43362 -2.0521 0.51216 -0.1374 0.2322 
496 -0.11503 0.87702 -0.90315 -0.55826 0.89419 -0.16828 0.87718 
2762 -0.10521 0.82702 -0.29181 -2.4955 1.5927 0.67765 -0.12791 
3615 -0.27415 1.6443 -1.1864 1.4387 -3.6924 -2.4906 2.8335 
V5861 -2.1429 0.44436 -1.0135 0.25033 -0.91316 0.12201 1.0613 
3891 -1.3376 -2.4624 1.1151 1.2845 -1.2881 -0.93625 0.4101 
40391 -0.42786 0.028922 -0.88549 -3.6958 0.47827 -2.3435 -1.0276 
5856 -0.68519 -0.51953 -1.1187 -4.5491 0.82585 -1.7253 -1.3735 
3051 0.28368 0.14827 -0.67778 -0.19177 -1.6678 1.5426 1.0796 
412 -1.5653 1.0336 -1.5688 -0.14128 -1.1675 -0.50353 1.1732 
8872 -1.2281 -1.0827 0.8936 2.2266 -1.9238 -2.8687 1.3407 
5070 1.1725 0.055327 -0.6286 -1.6112 2.8029 0.19943 0.27049 
5859 -1.5779 2.0467 -1.7704 -1.2731 -0.31484 -0.13577 0.91349 
40390 -2.1358 2.0123 -2.4403 -1.387 -0.65553 0.33166 1.0562 
99592 -1.3487 0.1657 0.34831 -2.2375 2.8762 0.41056 -0.38152 
2875 -0.24956 0.63595 0.31122 -1.6732 -0.099646 0.99584 -0.064806 
9915 -1.8739 -2.0914 4.4691 0.89931 -1.2322 -0.48977 -0.14328 
3722 1.0842 0.35532 -1.139 0.70593 -3.9856 -2.6546 2.0186 
V5867 -2.6118 -0.18958 -1.7271 -1.4616 -2.0353 0.054916 0.16828 
32723 -2.4109 0.69565 -1.2664 -0.60503 -0.56245 1.0708 0.7988 
2761 0.46944 0.84023 -0.37672 -2.5496 1.5825 0.67354 -0.13179 
4513 -2.0397 0.32314 2.637 -0.39928 -3.4208 -0.2081 -0.093579 
41071 1.2111 2.2444 -1.4452 -2.0919 0.92693 -2.4454 0.64547 
0389 -0.14659 0.92598 0.07242 -2.884 3.9632 -0.50379 -0.23846 
4240 -0.50559 1.9768 -1.2817 -0.66507 -0.27773 -1.5062 1.1462 
V4581 -1.6051 0.59659 -1.0736 0.17482 -0.5163 -1.1765 0.96854 
5119 1.0576 1.6617 0.64508 -1.074 2.0901 -0.16985 0.61885 
V4582 -1.4147 1.1077 -1.4094 -0.1237 -1.5432 -0.71472 1.0964 
3324 -1.9788 -2.5059 2.1495 2.4423 -0.27936 -0.37524 1.0783 
V1582 -1.7607 0.65015 -0.48554 1.317 -2.1867 0.92119 1.797 
49390 -1.0082 0.038452 -0.69966 -0.63 -1.3206 0.63496 0.55021 
3723 1.1619 0.069519 -0.48679 0.27447 -3.1782 -3.4768 1.4098 
2767 -1.4225 -0.071817 -0.98049 -2.3819 -0.36991 -0.12476 -0.40888 
4168 -2.0169 1.6355 -1.4866 -0.88722 -0.60278 -0.43454 0.83761 
4241 0.46737 2.9692 -1.1172 0.069371 0.05524 -0.67105 2.0683 
42789 -0.70937 0.19873 -0.93932 -0.27221 -0.31023 0.59973 0.87311 
3572 -2.9751 -0.65386 -2.1869 -2.5189 -1.9485 -2.0702 -0.44241 
9971 1.224 2.1361 0.10086 -0.050842 0.20139 -2.1476 1.4198 
4254 0.032872 0.86609 -1.1955 -2.5381 0.87225 -1.3058 -0.13855 
28521 -2.9623 -0.7719 -1.3053 -2.4597 -1.6707 -0.80634 -0.67634 
5180 0.70345 1.3132 0.19823 -0.55668 2.0726 0.34795 0.96569 
4589 -1.4944 0.27303 -0.54344 -0.97867 0.090464 0.88894 0.38737 
45829 -0.65481 0.84205 -0.70201 0.18327 -0.6821 0.014058 1.1907 
78039 0.52235 -1.0167 -1.084 -0.97405 0.91628 0.74545 0.4173 
2760 0.058936 0.70448 -0.86005 -2.0543 2.8361 0.97648 0.28753 
V1251 -3.1981 -0.63944 -0.94421 0.090984 -1.1991 1.4522 0.81495 
5185 1.4389 1.5588 1.8663 0.14673 2.329 -1.2434 1.0546 
78552 -0.64575 0.86996 0.24892 -3.2411 4.439 -0.29179 -0.39133 
8853 1.3536 0.72358 -0.1718 1.0508 -3.5906 -3.6982 2.1198 
2749 -1.3205 1.2535 -1.0534 -0.32433 -1.0149 0.044722 1.0363 
07054 1.5307 -0.28986 0.47669 -3.3911 -0.74453 1.5234 -0.55411 
9907 -1.2344 -1.8202 2.936 1.5296 -3.0343 -1.415 0.42333 
73300 -1.7439 0.54197 -0.93327 0.2223 -0.34947 1.0596 1.2209 
5845 1.4346 1.0678 0.63273 -2.7726 2.875 -1.4601 -0.24559 
2765 -0.34093 -0.51966 0.11174 -2.6121 0.37782 -0.88276 -0.84656 
7907 0.54817 -0.10096 0.22027 -2.3809 2.3982 -0.63496 -0.4601 
3895 -2.9204 -2.7076 1.8054 -0.84855 -2.4251 -2.4314 -1.0815 
9390 -3.4058 -1.3112 0.021386 0.83285 -1.4002 -0.85759 0.58805 
5363 -2.3705 -0.91599 -1.5495 -4.8068 -2.9043 -1.5323 -1.2384 
3612 -0.24812 1.7022 -0.94767 1.4915 -3.1504 -2.5546 2.6251 
4271 1.3775 1.848 -1.4273 -1.304 1.1328 -1.8843 1.0054 
0331 -1.4273 -3.4869 0.65576 0.61529 -0.82862 0.80988 0.2878 
49121 -1.4601 1.3211 -1.996 -1.4615 1.8061 0.87389 0.97383 
99811 1.4383 2.1916 1.1319 -0.91769 1.1578 -1.4641 0.61383 
E8798 -1.4296 -0.78911 0.49117 0.25478 -0.12478 0.87251 0.3938 
30000 -1.2096 0.10747 -0.87487 -0.031063 -1.4174 2.0785 1.1964 
4311 -0.98505 -3.3723 0.54115 2.8711 0.20238 -0.56061 1.5694 
27651 -1.2444 0.80599 -0.77983 -2.1762 0.0090955 1.7102 0.14283 
9920 2.9176 -0.87469 -0.19803 -0.25591 -4.6601 -4.2363 1.4894 
4111 0.77881 2.9892 -1.4741 -0.6147 -1.7375 -1.9324 1.8635 
27800 -1.0711 0.8112 -1.174 0.40135 -1.0013 0.69906 1.4218 
3491 -1.2957 -1.6302 2.621 1.8144 -1.21 -1.1873 0.66884 
4439 -1.338 0.28613 -0.86747 -0.22602 -1.2157 -0.88106 0.63848 
42832 -1.4423 1.9893 -1.9341 -2.3437 1.6734 -0.40154 0.46068 
25060 -2.8051 0.040172 -1.765 -2.1415 -0.89242 -2.0499 -0.33707 
36201 -3.9626 -0.70871 -1.9047 -2.8572 -2.998 -2.2877 -0.65482 
00845 -0.49469 0.58937 0.16883 -1.8366 2.725 0.03886 -0.044619 
0040 1.3023 -2.428 -0.82617 0.085108 -5.7469 -2.6808 1.2466 
3004 -1.1552 -0.7015 -1.3341 -0.93306 -1.6869 2.5005 0.70633 
2809 -1.5613 0.56214 -1.2146 -0.9189 -0.97524 1.0985 0.69623 
28529 -2.9307 -0.83885 -0.69063 -1.0712 -0.26724 1.6144 0.064567 
2768 -0.93953 -0.018335 0.10449 -1.2959 -0.46259 2.4283 0.25284 
27652 -1.2092 0.8462 -0.35355 -1.5298 0.4837 1.5915 0.29476 
2930 0.47439 0.83718 -0.60757 -1.1351 2.0143 0.69981 0.654 
5789 0.44304 2.232 0.25134 -2.9924 0.29293 -0.36336 -0.20419 
42833 -1.5547 2.5179 -2.3669 -2.5201 2.1895 -0.81516 0.7286 
3613 -0.31095 1.4602 -1.297 1.1314 -3.1596 -2.5499 2.4363 
41400 -2.0036 0.80126 -1.4387 -0.2043 0.058183 -0.74167 0.9491 
99662 0.14154 -1.1612 0.88792 -2.9839 3.0455 -2.1708 -1.1894 
25061 -2.0576 -1.0929 -0.69895 -3.9848 -1.7318 -3.0186 -1.379 
99591 -1.2518 0.20248 -0.13302 -2.4968 2.7463 0.54249 -0.33705 
5491 -2.0898 -1.0772 4.5509 -0.41784 -2.1926 0.32502 -0.54893 
3404 -0.040955 -1.811 2.8213 3.0876 -0.95656 -1.286 1.778 
3897 -3.2389 -2.1209 0.9393 1.5045 -2.3861 1.1465 0.75808 
27801 -2.6232 0.86727 -0.9619 -0.68433 0.15031 0.30566 0.6639 
5715 0.96638 1.3216 1.7135 -3.4008 -1.0346 1.3074 -0.54284 
3521 -0.020724 1.8946 -0.56611 2.3366 -2.2261 -1.4568 3.1133 
2639 0.97486 0.562 0.66996 -2.077 2.8577 1.255 0.070138 
5712 2.0802 1.7058 2.3484 -4.124 -0.87324 1.9372 -0.53802 
60000 -1.1819 1.5299 -1.0746 0.56899 -0.82147 0.67303 1.6983 
99812 1.4704 0.96186 0.23287 -1.1596 1.1631 -1.465 0.40301 
79902 -1.42 0.93269 -0.98642 -0.97453 0.25985 2.2477 0.83146 
70703 -2.8836 -0.31263 -0.92942 -1.3824 3.4009 0.43927 0.26498 
25040 -2.246 0.3118 -1.1162 -2.5062 -1.1024 -2.6456 -0.52633 
99859 1.3269 1.1844 1.947 -0.86274 3.543 -1.3929 0.46702 
E8788 -0.40418 0.45876 0.76655 1.1017 0.0091194 0.74113 1.2422 
78791 -2.333 -0.38761 -0.079873 -1.3032 -0.6916 1.9038 -0.053472 
42823 0.23719 2.744 -2.6271 -3.0292 1.888 -1.0624 0.66433 
42732 0.47288 1.9538 -1.4482 -1.2126 1.5109 -1.2844 1.0065 
E8782 -0.21161 1.119 0.26836 0.64142 -0.78309 -0.95817 1.1441 
29181 3.6329 0.59434 -0.59504 -3.5332 -0.28586 3.3432 0.77875 
8841 0.78357 -3.6315 -2.2396 2.5873 -1.972 -0.17516 2.7663 
2800 -0.016906 1.7912 0.53607 -1.8691 -0.50898 -0.023287 0.11196 
V4501 -1.5038 1.0544 -1.4202 0.59736 -0.63057 -0.78903 1.5375 
5723 0.91116 2.598 2.7948 -4.8576 -0.35902 1.9139 -0.70027 
42822 -0.61907 1.7892 -2.2687 -2.5884 1.2285 -0.77369 0.37743 
42830 -1.0125 0.89104 -1.0126 -1.6587 1.3595 -1.6566 0.07747 
0066 1.6092 -0.25238 -2.3204 -0.86892 -4.056 -1.7311 1.3774 
3322 -2.0837 -1.811 2.116 2.7887 0.59047 -1.2288 1.4937 
58381 -3.1396 -1.0848 -1.1149 -3.2435 -2.2781 -1.7588 -1.0583 
V1046 -1.2284 1.2619 -0.52028 0.99985 -0.82324 0.31562 1.6393 
3606 2.7491 -0.82215 -1.0901 -0.67619 -3.8144 -3.4337 1.2334 
V5865 -3.5221 0.1033 0.070584 -0.011035 -0.31202 1.7183 0.64419 
V1581 -1.1849 -1.3435 -1.4847 -2.2084 -2.6512 1.3505 -0.092928 
9905 -0.20004 -1.5098 3.5628 1.5268 -3.2701 -1.026 0.68748 
34590 -1.5813 -0.80641 -1.3675 -1.3371 0.17901 2.1184 0.33251 
2763 0.080466 1.1599 -0.95811 -2.0344 2.4676 1.2863 0.58275 
5601 1.3229 2.102 1.7637 -1.3007 1.9764 0.6561 0.58726 
V103 -0.98761 1.0079 -0.43138 1.2023 -0.45889 1.228 1.8481 
3607 1.9434 -0.58663 -1.6322 -1.107 -4.4878 -3.269 1.2056 
0414 -1.2226 0.12222 -0.54403 -0.81663 0.48211 0.74596 0.35261 
4139 -0.20255 1.7467 -1.6192 0.22488 -1.0431 -1.3799 1.8121 
5770 1.5011 1.8312 1.38 -2.9167 1.902 0.54281 -0.12137 
3323 -2.2142 -1.881 1.86 2.5679 0.38493 -1.2975 1.3729 
E8497 -0.87971 -0.0058491 0.09909 0.82201 -0.51179 1.2193 1.2013 
8964 -0.27386 -1.0537 2.55 1.3724 -2.1163 -4.2747 0.62839 
07070 0.91468 -0.64619 -0.25525 -3.6365 -1.0916 0.95168 -0.75199 
99681 -1.1992 -0.38726 0.49207 -4.4352 1.2942 -1.9956 -1.7471 
79092 -2.3596 0.54515 -0.90563 -0.35889 -1.023 0.6023 0.72653 
78820 -0.36705 0.42912 -0.87494 0.33993 0.33827 0.56699 1.2082 
V1254 -1.8898 0.057267 -1.685 0.93271 -1.6048 0.91424 1.7088 
7100 -1.9658 -1.8719 -1.2258 -4.349 0.037678 0.47443 -1.3815 
3601 2.5812 0.47572 -0.31931 -0.83354 -2.3726 -4.4322 1.254 
40301 -0.6983 -3.0921 -2.1925 -6.1451 -1.0082 -1.6609 -1.9494 
33829 -3.1135 -0.71451 -1.3554 -1.3125 -2.0351 3.1357 0.57804 
25013 -1.2853 -0.87485 -2.6805 -5.6832 -0.86988 1.0761 -1.1128 
25011 -0.85274 -1.1165 -0.82446 -4.6932 -1.4804 -0.85298 -1.4116 
78959 0.79235 2.1235 2.0886 -4.821 1.5285 1.8484 -0.88531 
4523 -2.6965 1.3984 2.6053 -0.13169 -3.5476 -0.62344 0.44087 
5939 -0.58874 -0.082472 -0.637 -1.3723 -1.414 -1.7919 -0.049481 
30500 2.3645 -0.84688 0.13363 -1.0438 -1.2672 1.4985 0.65896 
3611 0.11945 1.6519 -0.87668 1.955 -2.7673 -2.4589 2.9526 
4148 -1.5835 1.0382 -1.5801 -0.35761 -0.63683 -1.841 0.9681 
56400 -2.448 -0.86351 -0.68253 -0.31106 -1.1403 2.4794 0.66078 
6826 -0.12197 0.53841 -1.0506 -2.5261 2.0347 -1.4883 -0.22619 
56210 -2.1203 2.8801 0.29978 -0.57132 -1.8511 1.2479 1.1895 
48241 0.54471 -0.53079 0.24849 -1.1971 3.6276 -1.1231 0.10693 
49320 -1.2828 0.96683 -1.1993 -0.50437 0.44466 0.41454 0.86169 
V4511 -3.4428 -0.66666 -1.5536 -2.1759 -1.5575 0.19344 -0.4139 
71590 -1.4349 1.0806 -1.4378 0.56816 -1.8725 1.2634 1.9155 
9982 2.1304 2.102 1.4966 -0.3086 1.1731 -1.3141 1.0251 
2869 0.99153 1.1714 1.3543 -2.3689 1.1416 0.23592 -0.25808 
25041 -1.7457 -0.64935 -0.18186 -4.4918 -1.3147 -3.9184 -1.6371 
V090 -2.122 -1.6507 0.1197 -0.086587 1.3001 -0.72188 -0.032397 
9974 0.95936 2.8508 3.2044 -1.326 2.4357 -0.0068345 0.63187 
8855 1.3154 0.25179 0.45812 0.10317 -3.8008 -4.261 1.1815 
431 1.2633 -1.2108 -3.4815 -0.06111 3.2906 1.0863 2.3931 
V4502 -2.0869 0.8822 -1.9634 0.19305 -1.0816 -1.1696 1.4301 
3950 0.856 -1.9856 0.65961 -0.25764 -3.5306 -2.2783 0.12447 
3761 1.4671 0.8566 -0.29155 0.79223 -2.3853 -4.003 1.8394 
51882 -0.065944 0.56288 0.036122 -1.5307 1.7382 -0.6104 0.05822 
2948 -1.1088 0.55757 -1.7803 -0.12317 0.41245 0.73526 1.3185 
51889 -2.0259 0.18407 -1.3347 -0.12782 -0.23952 1.6644 1.1757 
0045 2.0183 -2.5052 -0.76675 -0.33087 -5.9765 -2.5917 1.1291 
04111 -0.69557 -1.2975 -0.47281 -0.72522 1.2712 -0.16204 0.04611 
0014 -2.7293 -3.0563 3.5853 0.5569 -0.37373 -1.3524 -0.38701 
28860 -1.6015 0.81864 -1.407 -0.87314 -1.1789 2.96 1.1748 
3970 -0.78807 2.635 -1.0037 -1.633 -0.2594 -2.356 0.6024 
E8889 2.0285 -0.89233 -1.5946 -0.37026 -0.20845 1.4977 1.3202 
41519 1.0839 1.1184 -0.16294 -1.0911 2.7541 1.1261 1.0453 
78057 -1.8176 0.23289 -0.61868 0.14075 0.0083918 -0.90289 0.74811 
3371 -1.9558 -0.75988 -0.6949 -5.0868 -2.1687 -2.7023 -1.5694 
V440 -4.5377 -1.0826 -0.54647 0.3119 1.6541 0.4389 0.70667 
5121 1.3342 2.0877 0.68247 0.21996 2.3425 -0.6289 1.5563 
25063 -2.3223 -1.0889 -3.1691 -6.0443 -2.4349 0.078621 -1.1496 
30391 1.468 0.17 0.33945 -2.1587 -1.4918 2.8629 0.36633 
4275 2.1467 0.84219 -0.69766 -0.98817 2.3897 -2.6671 0.84087 
78551 2.6706 1.9598 -1.0422 -2.0045 1.7886 -3.6218 0.87994 
V4365 -0.85791 0.8285 -0.63906 1.0246 -1.5325 0.88487 1.8183 
5781 0.03487 2.3249 0.41695 -2.6636 0.68822 0.19394 -0.015716 
4538 0.68634 -0.47702 0.90269 -1.4839 2.5097 -0.66409 -0.23257 
9962 -0.71267 -1.4521 0.42749 2.2546 -0.77862 -3.3259 1.4715 
387 0.13183 -2.7854 1.9172 1.4935 -0.51818 1.0346 0.99315 
5459 -1.2437 0.090882 5.8186 1.3234 -0.70995 2.0513 1.1926 
43310 0.22964 0.95435 -3.1436 -0.022421 -1.5204 -0.93113 2.0082 
570 2.4499 0.39632 0.82826 -2.906 2.2192 -0.31416 -0.37116 
51884 -2.8456 1.6598 -1.967 -1.5563 4.9712 0.34018 1.3311 
8847 -0.19749 -0.81536 4.0316 0.73895 -4.5667 -0.78046 0.49372 
4516 -3.2463 -0.1007 2.6487 -0.39387 -3.8852 0.49936 -0.037932 
V4364 -1.3699 0.33781 -1.0133 1.1211 -0.67109 0.72363 1.7223 
0017 -1.9815 -2.0371 1.6732 1.1707 -1.5505 -2.6351 0.16114 
8842 0.70979 -2.2365 0.75281 1.7027 -4.0966 -2.8814 1.4684 
3659 -2.1613 0.88599 -1.5974 -0.17227 -1.2926 0.5051 1.2634 
E8780 -2.6153 -0.30981 1.3165 -2.9623 -1.0185 -0.57325 -1.4537 
3485 2.0332 -0.61986 -2.6652 0.054623 3.3722 3.6459 2.9065 
E9320 -3.7447 0.14687 1.1292 -1.0465 -1.2264 3.6309 0.29742 
V1005 -1.3561 1.0641 0.097312 1.1558 -0.4017 0.3818 1.5601 
4443 -1.6996 1.3651 2.4469 -0.7118 -4.0041 -0.80037 0.1426 
5853 -2.1381 2.0122 -2.5442 -1.9739 -0.53812 0.75988 0.85293 
E9342 -1.5058 0.81414 -0.49996 0.14668 -0.75956 0.18285 1.0152 
V433 -1.1104 0.72472 -0.20782 0.23791 -0.46203 -1.0912 0.90883 
04104 -1.465 0.14596 0.38015 -0.82456 0.65615 1.5721 0.20572 
2766 -0.38618 0.0014348 0.44238 -1.2025 0.33305 0.4216 -0.018777 
2874 -0.0052175 0.25435 0.5016 -1.5373 0.58425 0.65105 -0.14245 
042 1.4005 -0.56473 0.42683 -3.3867 0.74129 0.35522 -0.86651 
99674 1.2291 0.48236 0.50002 -1.6112 2.2695 -1.5071 0.023471 
1120 -0.078153 0.23299 -0.024439 -1.6998 2.8207 1.7253 0.38242 
51919 -3.2986 0.73384 -0.62766 0.566 2.3261 1.0065 1.3645 
4011 -1.5368 0.12943 0.20018 0.49706 -0.31643 1.986 1.0902 
9910 -0.11806 -3.0048 0.29849 1.2401 -1.8622 -1.3977 0.68742 
E8781 -0.264 0.11317 -1.0657 1.0367 -0.5712 -0.137 1.497 
4233 0.60644 1.4505 1.9844 -1.0183 -1.3735 -0.022858 0.21459 
5771 0.49953 0.86084 0.97783 -2.4954 -0.25546 1.4349 -0.32658 
V173 0.21421 1.2614 -0.9062 0.60748 -4.1671 -0.59612 2.1603 
5533 -1.1315 1.8624 -0.12646 -0.19845 -1.5114 1.587 1.3121 
7140 -0.69039 0.54878 -0.79153 -0.48379 -0.31111 0.87153 0.80954 
7850 -0.9978 -0.35425 0.23322 -0.96425 -0.5354 2.6448 0.36179 
29680 -0.38092 0.096826 -0.65396 -1.067 -0.99297 2.713 0.78214 
5722 2.5779 1.2139 2.5827 -5.0818 0.92096 0.73404 -1.0751 
30301 3.2439 -0.20447 -0.50216 -3.438 -2.2038 4.2359 0.94534 
34690 -1.339 -0.76945 -1.1043 -0.65318 -1.926 1.9783 0.64608 
V4986 -3.3001 0.24349 -1.2894 0.68035 -0.76491 2.8972 1.894 
7242 -1.691 0.48538 -1.4309 -0.9597 -1.925 2.1844 0.9448 
25050 -3.2665 0.63314 -1.5938 -2.5824 -1.9529 -2.7208 -0.4862 
34982 0.82457 0.63651 -1.4647 -3.0869 3.4756 0.91081 0.22422 
34830 0.92342 -0.36582 -1.5581 -2.3937 3.3228 1.8213 0.43634 
25051 -2.0662 -0.88111 -0.75539 -3.413 -1.7034 -3.2041 -1.1529 
4414 0.49283 1.6037 -0.51436 0.30276 -0.22752 -0.43735 1.5073 
0413 -2.7033 0.21454 -0.19134 -1.1273 0.49247 0.45852 -0.082775 
V441 -4.9664 -1.3653 -1.2378 0.99407 1.4749 0.80783 1.3084 
3721 -0.32867 0.38215 1.244 0.80048 -2.245 -2.799 0.89862 
5761 -0.84202 4.032 2.3616 -2.9105 2.563 0.57153 0.21381 
E8859 1.6255 -0.5688 -1.4278 0.52955 -0.074083 1.7221 1.7984 
V153 -1.7515 0.81006 0.64193 2.5689 -0.50605 3.0508 2.8491 
V600 2.8891 -1.3184 -0.3395 -2.5305 -3.8291 3.9668 1.3463 
30390 1.6904 0.25023 0.73909 -1.8287 -0.92083 1.843 0.18057 
03811 0.24368 -1.3399 0.39108 -3.1656 4.0425 -2.6177 -1.041 
V462 -4.1482 1.5109 -1.9528 -0.23419 -0.7009 1.837 1.6364 
70715 -1.1927 -1.1668 -2.7514 -2.89 0.027198 -2.3931 -0.51816 
8622 -0.17783 -3.879 1.1173 0.36657 0.28498 -2.3006 -0.13821 
9605 -3.2202 -2.1443 2.1783 3.6021 0.36866 -1.1237 1.9709 
53550 -2.0595 1.3125 -0.37226 -1.87 -2.3855 1.141 0.1336 
6930 -1.8098 -1.2932 0.14406 -0.48354 1.2775 2.6318 0.3207 
78009 -0.20901 -0.45592 -1.1679 -0.18308 -0.46454 2.1785 1.1889 
4928 -0.37281 1.4519 -0.77511 0.060684 0.41608 0.62389 1.3426 
7455 -0.47205 1.4694 -1.5333 -0.32854 1.3724 -0.98562 1.2375 
8659 2.0244 -3.9341 1.9773 1.9319 -1.5529 1.1347 1.7823 
9961 0.066313 0.0060686 0.84607 0.54574 0.17957 -2.5732 0.59904 
V4589 -3.2456 -0.86764 -0.81714 0.82799 -2.8943 1.3886 1.2596 
8848 0.082245 -4.8214 -0.39273 0.93322 -3.8645 -3.7261 0.87026 
7895 1.881 1.4316 3.2252 -3.0113 0.13096 -0.9736 -0.75746 
2753 -2.6915 -1.3517 -0.98213 -2.27 -1.1692 2.9918 -0.24072 
2841 -0.48291 0.25044 0.39167 -4.1097 1.2144 2.5113 -0.8655 
5997 0.82717 0.39729 -0.28181 -0.50989 0.96806 -0.85073 0.59524 
8852 1.7402 0.19595 -0.049025 -0.75124 -3.6593 -4.0447 0.91155 
25043 -1.8906 -1.5416 -3.1971 -6.0421 -2.1063 -0.4499 -1.1682 
0159 -0.58624 -1.6654 -1.042 2.8438 0.37283 3.5874 3.5011 
5569 -0.95126 0.3318 1.7906 -1.8358 -0.13127 -0.55615 -0.785 
9607 -1.1999 -1.3599 2.6666 0.74083 -2.176 -0.18709 0.19326 
3845 1.8247 1.3394 1.3453 3.3937 -1.6273 -1.4085 3.6162 
30560 2.2745 -0.84741 -0.87905 -2.8052 -1.7186 1.3057 0.045294 
25002 -0.68651 1.1668 -0.73132 -1.3338 0.23893 1.0643 0.61677 
70714 -0.69926 -1.2035 -1.8213 -2.5941 1.4738 -2.7253 -0.50596 
43411 2.5477 0.74899 -3.0023 -0.84554 3.1861 -0.79222 1.9656 
43491 2.2094 -0.20776 -2.4176 -0.34485 2.5629 -0.34913 1.6646 
4239 0.048738 0.54909 -0.22296 -1.5059 0.89745 -0.69438 -0.062386 
8604 0.69426 -2.9682 1.4526 0.50282 -0.73482 -1.379 0.091797 
1985 0.93388 2.0197 0.5548 0.21241 3.7812 4.1991 2.6045 
4260 1.0302 1.7339 -3.1276 -0.89375 1.4262 -2.661 1.7416 
V420 -1.0093 -0.40008 -0.11269 -2.6457 0.86004 -1.5741 -0.94303 
99731 1.9403 0.8047 -1.4023 -2.2624 4.7276 2.0125 1.1127 
78720 -1.9203 -0.67982 -2.4704 0.22379 1.1996 2.4184 1.6557 
43889 -2.5248 -1.0571 -3.9113 -0.29422 0.30457 1.1363 1.4453 
45621 0.23187 2.9139 2.7968 -4.8644 -0.52224 1.6697 -0.7441 
3522 0.5446 1.7685 -0.23753 2.5204 -2.0495 -1.3615 3.2235 
3990 1.5644 -2.8522 1.2554 0.52826 -4.3011 -2.8789 0.62726 
45981 -2.6834 0.88915 -2.0296 -0.80897 -0.32175 0.018297 0.84707 
25080 -2.6822 -0.4421 -2.0417 -1.6303 0.09882 -0.69078 -0.01802 
1983 0.57256 1.7141 -0.87481 1.4824 4.3903 4.7313 4.1499 
49322 -2.1243 1.7512 -1.947 -1.9689 2.1963 0.80473 0.8227 
41402 1.4265 2.1362 -2.6251 -1.4833 -0.57649 -2.8209 1.4562 
07032 2.1098 -0.0508 -0.3111 -3.3855 -0.62896 1.1184 -0.17694 
430 1.9829 -1.5912 -3.0303 -0.10756 1.9457 0.9997 1.88 
03842 -1.6888 1.5803 0.29899 -3.6972 3.9578 -0.36614 -0.57412 
4639 -0.87323 -0.66224 4.9844 2.5487 -0.92143 -0.36781 1.5343 
4160 -0.35492 2.0726 -0.08521 -1.4464 0.016839 -2.1326 0.40317 
2764 -0.79655 1.3243 -1.2711 -2.4952 2.3819 0.76936 0.17106 
5780 0.76033 0.91597 0.19018 -3.6155 0.06653 0.083666 -0.67154 
0417 -2.0699 -0.91174 -0.55051 -0.35518 1.9146 0.76012 0.4306 
3963 -0.14723 2.625 -0.50324 -0.35058 -0.50942 -2.6556 1.3582 
78659 -2.0779 -0.61702 -1.3338 -2.8147 -1.9979 2.0767 -0.19036 
41011 2.7688 1.6671 -1.9985 -2.0843 -0.45507 -2.3659 1.0015 
6822 0.14928 0.60256 1.3227 -1.0687 2.7924 -0.7696 0.06206 
E9331 -2.3978 -0.12807 1.7579 -0.621 0.43473 4.2936 0.54378 
3320 -1.5228 0.59966 -0.63931 0.47737 1.0109 0.60456 1.2653 
4210 1.6827 0.1257 -0.072537 -2.0562 3.2028 -3.1616 0.052065 
3569 -1.1065 0.37524 -1.1985 -0.21927 -1.0154 1.0652 1.0244 
42820 1.221 1.2297 -1.1054 -1.889 0.33764 -1.6731 0.29258 
41041 2.7602 1.7304 -1.8305 -1.3121 -0.60849 -1.8472 1.3749 
2536 0.64318 -0.11803 -1.0403 -0.69243 2.6352 1.8648 1.1182 
4412 1.7076 2.5552 -0.37479 1.2042 -0.28451 -0.074581 2.8243 
515 -1.6949 1.5991 -1.0943 -0.8348 1.2138 -0.07143 0.89386 
9975 0.71411 1.4729 0.77128 -0.17926 0.97394 -1.3284 0.86703 
99672 2.5073 2.0863 -2.3369 -2.02 -0.66245 -3.1365 1.3006 
4821 -0.38951 -0.13287 0.49603 -0.66352 4.6287 -0.87344 0.65005 
2867 2.1089 0.82638 2.0108 -3.5494 1.7606 0.80221 -0.7061 
5122 -0.34848 1.1012 5.0432 1.4294 -1.3061 0.79964 1.3149 
5187 -2.1844 1.707 3.5421 0.65785 -1.2711 0.052662 0.83372 
V707 -0.50155 1.0151 -1.1848 0.87481 -2.5646 0.5235 2.0291 
44020 -1.7831 0.0081158 -2.2936 -0.55819 -1.383 -1.2442 0.76826 
5059 -0.24548 -0.32594 5.6133 -2.3937 -2.4924 0.66522 -1.0706 
V4975 -4.1886 -2.0168 -1.71 -1.2109 -2.3853 -1.4067 -0.33979 
135 -1.8812 0.17887 0.26303 -3.0292 0.69626 -0.99613 -1.107 
4010 -0.22642 -1.041 -1.4765 -4.4342 -1.1937 -0.62779 -1.0419 
3321 -4.6847 -2.6834 1.0006 2.5795 0.91143 -1.1216 1.3764 
42821 2.0519 1.6862 -1.9265 -1.9162 1.4551 -1.132 0.88382 
3772 -1.37 -0.58263 -2.5666 3.3583 -0.099379 -3.3899 3.3403 
3783 -0.70621 -0.8585 -2.4726 2.3709 -0.18448 -4.2748 2.7308 
7806 -0.31393 -0.69441 0.67163 -0.13621 -0.35071 0.28704 0.26406 
V1011 -1.1878 0.67152 -0.71361 1.304 0.4538 0.63476 1.8629 
V422 -1.13 0.93192 -1.0393 0.1828 0.22034 -0.89988 1.1509 
5680 -1.0831 1.9785 3.597 -0.34519 1.0893 2.3788 0.79219 
9925 -3.3855 -2.9664 2.9145 0.97961 -0.19775 2.5615 0.40285 
70722 -4.0371 -0.43479 -1.2252 -0.086763 1.754 1.3151 0.80212 
7904 -1.8401 -0.47493 -0.20934 -0.86383 -1.1957 2.6624 0.42172 
42831 0.29932 1.6127 -1.3423 -1.7885 1.9918 -0.90667 0.59775 
7245 -1.3569 0.13577 -0.94479 -0.96247 -2.4238 2.378 0.74764 
0013 -0.73963 -0.27305 1.4138 0.63499 -0.80547 -5.1113 0.37853 
1970 0.29579 2.2282 0.62908 0.096447 3.2916 3.7148 2.371 
E8809 2.7864 -1.1958 -1.0529 0.227 0.7623 2.2852 1.9337 
51883 -4.1917 1.3567 -1.1061 -1.401 4.3535 0.09353 0.87655 
V1083 -1.3801 1.2225 -0.27659 1.526 -1.7948 1.7153 2.2487 
9973 1.5683 1.3541 1.1922 0.46513 2.0159 -1.8603 1.1739 
29410 -2.004 0.24286 -2.637 0.50915 1.3382 0.68621 1.8459 
3484 2.0136 -0.74898 -2.789 0.020501 3.0321 2.5568 2.7256 
99673 0.79761 -0.40776 -0.51701 -4.1362 0.34167 -2.538 -1.3443 
3734 -1.7687 -0.59206 -2.9837 1.771 -0.38532 -3.9232 2.4198 
7802 0.59418 0.62388 -1.2989 -0.63264 -1.1149 0.65508 0.97375 
0093 -0.74115 -1.857 5.8942 -2.0541 -3.9584 0.31471 -1.212 
3726 -1.1939 -1.5462 -2.6207 2.1658 -0.18501 -4.9232 2.3847 
39891 0.45184 3.9334 -0.54471 -1.0734 0.57027 -2.9912 1.5257 
3778 0.38664 -1.5628 -0.82383 2.0075 -1.2389 -3.9561 1.9475 
43820 -0.70281 -0.36694 -1.9178 -1.229 1.9018 -0.03341 0.46761 
53789 -0.96654 1.7959 2.565 -3.7204 -2.8759 3.0662 -0.5325 
03849 -1.1138 0.22155 1.1006 -3.2038 3.679 -0.74312 -0.9342 
5011 -1.2105 -0.64689 5.2064 -0.28586 -2.6347 -0.6251 -0.28495 
E8498 -1.0951 -0.10718 0.43675 -0.96359 -0.32003 0.87217 -0.051567 
E8790 1.6956 1.1604 -1.8514 -0.40357 -2.8131 -1.6488 1.7073 
2554 -2.0001 -0.65349 0.54714 -1.8811 2.7597 -1.2044 -0.62877 
7843 0.54533 -1.3356 -3.7655 0.74216 1.717 1.1437 2.6462 
4562 -0.4792 -0.29934 4.8708 0.50286 -0.54963 1.2134 0.46171 
45620 2.7112 2.078 3.1816 -5.4837 -1.037 0.92433 -0.82742 
V451 -1.6096 -1.8365 -0.675 -2.9734 -1.2539 -1.0149 -1.0941 
04119 -0.94287 -1.6813 -0.53729 -1.6268 0.010072 0.1507 -0.47156 
7863 -0.78917 0.53846 -0.81712 -1.4308 1.7987 -0.48826 0.21257 
9929 0.0298 -1.7063 1.5856 1.4249 -3.0447 -0.78792 0.8622 
3314 1.3425 -1.8805 -2.8401 0.19473 3.6872 1.3575 2.2101 
370 -1.1541 0.16111 1.8452 1.8468 -1.3474 -2.0289 1.1529 
30501 1.699 0.37411 -0.16459 -1.2592 -1.391 1.6423 0.75642 
3310 -1.4766 0.27674 -2.9416 -0.067342 1.2256 1.0995 1.7106 
27541 -1.747 -0.7404 0.015647 -1.8152 -1.1021 2.0804 -0.25902 
V1052 -1.1479 0.26187 0.0038709 0.56608 -0.12564 0.69446 1.0625 
42843 0.78984 2.1055 -2.7166 -3.3073 1.7113 -1.942 0.37218 
3441 -2.2757 -1.3963 -1.4329 -2.4522 3.9991 2.896 0.13166 
3614 -0.057448 1.2895 -1.0519 1.5456 -2.6702 -2.2007 2.4039 
78559 1.0721 1.4548 1.0568 -2.3049 1.7971 -0.89292 -0.18712 
5570 1.5307 2.6017 2.5669 -2.5261 3.2486 -0.57988 0.12432 
42741 3.0602 1.7931 -2.0836 -1.1434 1.1369 -3.0592 1.7131 
1977 0.6345 3.3533 1.6363 -0.42995 3.1828 3.9974 2.1728 
73390 -1.5586 0.4756 -0.58802 -0.16138 -1.2517 1.5121 0.99897 
0131 0.35167 -1.905 -1.372 2.0746 -0.17129 2.2258 2.6041 
591 -1.8377 0.74593 1.2011 -2.0023 2.8244 1.5955 -0.1298 
1122 -1.093 0.03772 -0.0049714 -1.6443 2.5645 -0.11898 -0.14002 
0046 2.1318 -2.0976 -1.1693 -0.60745 -5.9646 -2.9367 1.1789 
9359 -0.86287 -4.279 2.4166 2.7655 -0.98629 -0.1413 1.2629 
2113 -2.0244 3.4691 1.3558 -1.7307 -1.7071 0.56646 0.51221 
0380 0.17903 0.17172 0.29418 -3.103 4.207 -0.66935 -0.5048 
29590 -1.5575 0.94957 -1.7424 -1.4154 0.25171 1.6941 0.82958 
3512 -0.31977 1.8983 -0.41911 2.1349 -1.7485 -2.1825 2.8537 
2910 4.4474 0.19604 0.29911 -2.4502 0.2229 2.1597 0.74674 
99702 2.4882 0.86309 -2.702 0.91948 2.7298 -1.3924 2.7467 
9462 1.4326 -1.5822 0.72393 -0.54592 -3.1984 3.1833 0.99741 
25053 -2.6391 -1.3945 -3.2608 -5.1318 -3.0021 -0.77464 -0.88675 
9723 -5.5231 -2.9035 1.2795 2.2586 1.1884 -1.2625 1.2304 
V08 0.74184 -0.17339 0.097358 -2.1542 -0.80542 0.89513 -0.22191 
7291 -0.85875 0.71155 -0.68663 -0.12364 -0.99445 1.5106 1.1239 
4525 -2.931 0.39029 3.2963 -0.16374 -3.0326 -0.16839 -0.045411 
56212 -0.88478 3.6587 0.14496 -1.7864 -0.11843 -0.16812 0.70879 
4580 -1.4076 -0.21974 -0.77783 -2.1287 -1.0997 0.84512 -0.3339 
29281 2.0936 0.14156 -0.82849 -1.5326 1.1508 1.1647 0.58232 
585 0.6867 -0.6747 0.97483 -2.5069 0.20436 -2.3696 -0.99505 
59654 -3.3831 -1.7288 -2.1548 -2.4721 0.58863 1.0835 -0.40761 
78701 -2.0477 -1.1312 -0.44575 -2.2075 -1.3465 2.9172 -0.26319 
V1082 -0.24249 0.97772 -0.25554 1.4537 -0.45448 1.7493 2.165 
99931 -0.36074 -0.90323 0.021733 -3.1364 3.8337 1.2951 -0.61898 
3979 0.41001 -1.3629 2.1084 0.89186 -2.5038 0.52846 0.68627 
E9478 -0.5061 0.37115 -0.4237 -0.82037 -1.5892 0.22205 0.40909 
3142 -2.0438 -2.1952 1.0243 2.3685 0.31706 -0.42396 1.4205 
0390 0.057505 -2.131 3.0295 3.1839 -0.9465 0.79275 1.91 
4373 1.1429 -1.5393 -2.34 0.809 -0.43212 0.85872 2.1802 
3962 0.5768 2.8486 -1.4855 -0.23392 0.26066 -2.0151 1.8165 
V1588 -1.4216 -1.3277 -1.806 1.4324 -1.1921 2.4809 2.0822 
56409 -1.7527 -0.18066 -1.7417 -0.35534 -0.45156 2.1123 1.0896 
42781 -0.5422 1.3858 -1.6476 0.33405 0.74249 -0.76276 1.598 
70705 -1.8832 0.097846 -1.1945 -1.0996 2.6076 0.027728 0.31604 
57420 -1.1495 0.72544 0.69003 -0.68221 -1.0761 1.4211 0.45814 
58281 -1.0462 -3.3141 -0.84344 -6.617 0.31808 -0.36165 -2.4876 
8605 -2.3063 -3.4425 1.4829 -0.19492 -1.0734 -0.68154 -0.60995 
340 -2.1518 -0.7569 -1.3856 -1.6832 2.5131 1.7749 0.22096 
34290 1.172 -1.0338 -3.6555 0.30034 1.7508 0.83177 2.3189 
3523 -0.62803 1.8749 -0.40019 2.2918 -1.5596 -2.4154 2.873 
4223 -0.45318 -0.20874 1.1311 1.8941 -0.51524 -3.229 1.3871 
30981 0.52395 -0.4184 -0.61344 -1.2624 -2.3188 2.4638 0.61947 
04185 -0.52791 -0.10858 -0.044911 -0.61318 0.45482 1.2363 0.38504 
8191 -1.4626 -2.3194 0.68742 0.60052 -1.6728 -0.80432 0.20276 
3972 0.63303 -3.2813 -2.4214 1.5935 -1.1857 1.2805 2.5066 
5412 0.002195 -1.2231 5.4748 0.27498 -1.6413 -0.34808 0.038469 
5184 0.46577 1.0879 0.25838 -1.8981 2.2387 0.34244 0.18685 
27650 -1.363 0.50079 -0.84903 -1.6781 -0.22757 1.5549 0.27833 
34839 0.27035 -0.53347 -1.2111 -2.391 2.3225 1.094 -0.058837 
4251 0.053324 -0.29374 -2.6364 -2.5332 -0.13493 -1.4942 -0.023375 
5854 -0.91341 3.1716 -2.447 -3.3755 0.92746 0.27926 0.5894 
7847 -0.68417 0.22555 0.025541 -0.54085 -1.0342 0.28278 0.42167 
5718 -0.34457 1.0276 0.90522 -1.6936 -1.6379 1.7416 0.087362 
30401 2.8539 -0.17537 -0.93897 -3.4425 0.2209 1.5311 -0.15335 
4321 1.0814 -0.73618 -2.0152 -0.32723 2.4697 1.2144 1.4778 
0041 1.1202 -3.7081 -0.62139 0.21644 -5.2247 -3.0799 0.89084 
7840 -1.1499 -2.2485 -2.4117 -1.0137 -1.1539 1.9616 0.60754 
25001 -0.033086 -0.11627 -0.1804 -0.53975 -0.097909 -1.3378 0.27374 
3929 0.35829 -3.1418 -0.82175 0.90403 -0.98464 -3.9925 0.816 
5307 -0.31465 0.35284 0.080324 -4.4834 -1.467 -1.0175 -1.3125 
44024 0.52278 -1.2137 -2.5672 -3.4995 1.9496 -4.1269 -0.6064 
9960 -1.2009 -2.8308 0.96559 2.4026 -2.1768 -2.4101 1.1582 
60001 -2.086 0.86103 -1.9584 0.044321 -0.43823 1.2278 1.5633 
8162 0.036036 -8.3876 1.0324 -0.31548 -0.15933 0.48805 0.31827 
27669 -0.80415 1.0226 0.28719 -0.44622 -0.5321 2.1883 0.78692 
5711 2.0026 0.53993 1.6438 -3.5164 -1.9463 4.3215 0.09748 
5559 -1.2798 1.2849 0.89153 -1.4235 1.6721 0.98981 0.13435 
85221 2.7235 -0.43469 -2.826 -0.33648 1.8111 2.3007 2.4107 
4319 -0.77198 -2.2989 4.8222 1.6492 -0.31997 0.15658 0.6591 
E8490 0.92643 -1.1201 -1.3309 -0.72959 -0.56667 2.0137 0.86495 
4588 -0.36281 0.4093 -1.4959 -1.0874 -0.11805 0.62682 0.70003 
4131 -2.9701 -3.1496 3.0044 0.12026 -0.64892 2.1743 -0.20645 
2752 -0.44292 -0.20199 0.29272 -1.1952 -0.69124 3.3959 0.56624 
403 -0.32613 0.92587 3.2004 3.5101 0.86678 0.8336 2.9201 
45341 1.529 0.48131 -0.65306 -1.5587 2.6702 1.6544 0.8498 
E9289 -0.68206 -1.34 -1.3662 -0.11745 -1.0339 2.2315 1.0013 
73313 0.50527 1.276 -1.2438 -1.9822 3.5538 2.5442 1.1178 
79029 -1.3073 0.31279 -0.18409 -0.13484 -1.2615 1.9434 0.90822 
8163 -0.48649 -9.211 1.5173 -0.015911 -0.36974 1.4031 0.5321 
022 0.22053 -3.761 -1.4508 2.6474 0.70856 1.3559 2.7405 
V1051 -1.4163 1.2162 -0.14311 0.81547 -0.49034 0.34668 1.4673 
20280 -0.082543 0.76188 0.2043 -0.86974 2.3355 0.18942 0.51226 
72888 2.2176 0.12548 -1.4321 -3.0069 1.9376 1.7294 0.24504 
2848 0.73098 0.27427 2.0141 -2.8338 1.2981 0.14136 -0.859 
8857 1.1966 -0.6794 -0.035262 1.3359 -3.2564 -4.2776 1.6851 
4573 -0.95954 1.0742 4.3491 1.2247 -0.63643 -0.53433 0.8669 
2518 -2.6131 0.25964 0.589 -1.3576 0.38126 2.2025 0.050375 
53085 -1.4298 1.7608 0.43003 -0.23604 -1.7393 1.4454 1.1495 
8628 -1.8049 -4.3566 1.5636 1.2997 -1.2296 -1.7821 0.044965 
V8741 -2.4273 1.2689 0.46269 2.6573 -1.6566 4.4033 3.4316 
86121 5.2236 -2.1319 2.1799 0.36612 2.2956 1.3775 2.2103 
5768 -0.74967 1.3386 2.7079 -0.91987 0.27809 2.7936 0.38239 
78060 -0.868 -0.70091 -0.91863 -1.0905 -0.57224 3.292 0.6738 
30393 -0.03563 0.69176 1.7387 -2.086 -1.3723 2.66 -0.22629 
78052 -1.1335 0.55258 -0.95432 -0.19731 -2.1583 2.2311 1.3046 
V1259 -0.75358 0.054417 -0.43322 1.0809 -1.1657 -0.32189 1.34 
5762 -0.11762 3.6795 3.6801 -2.389 1.946 1.6073 0.33873 
70707 -3.3725 -0.9388 -1.9168 -0.92468 3.0658 -0.15595 0.39115 
5191 -2.9189 0.64126 0.068893 1.0126 3.5673 -1.8981 1.4472 
3409 -0.44199 -1.8074 3.4598 2.6369 -0.15341 -1.9375 1.1655 
E8786 -0.712 1.6976 2.5728 1.2915 0.95958 1.9201 1.7589 
2409 -1.5383 -2.1075 -1.442 -3.6878 -1.3647 1.8567 -0.76064 
48283 0.87961 0.073805 0.31564 -0.79402 4.0633 -0.31393 0.73297 
8611 -2.249 -2.8342 1.8948 0.30524 -1.4701 -0.56967 -0.20895 
53140 -0.23902 2.6391 0.72767 -2.6973 0.08949 -0.839 -0.16797 
5724 2.4526 1.3131 4.2452 -5.5589 2.3775 -0.30034 -1.4991 
8968 -0.076832 -0.0022846 1.7138 2.0884 -3.1628 -3.4605 1.7685 
79001 1.1881 1.4535 0.0027293 -1.0338 0.6521 1.1581 0.81152 
34831 0.5899 0.76094 -1.1092 -2.7395 2.9494 0.80447 0.16206 
99664 -2.0426 0.012863 -1.6472 -2.67 3.9824 1.4425 0.25674 
19889 1.051 2.6673 1.6883 1.2006 2.9726 2.4563 2.7305 
41072 -1.6473 0.94486 -1.5003 -0.69514 -0.65664 -1.5977 0.66601 
3964 0.0792 0.073606 0.20623 3.2204 -4.4054 -3.1349 3.1463 
9972 2.8273 0.33097 -0.60456 -0.98581 1.6768 -2.5412 0.73767 
5110 -1.6582 1.1568 3.6308 0.7886 -0.53275 0.038482 0.73983 
0309 -0.77351 -5.349 -0.49754 0.51808 0.74487 1.4419 0.66562 
3949 -0.10372 -2.9148 1.4021 -0.14791 -2.0263 -3.3722 -0.38737 
4400 0.046735 1.6705 -1.3034 0.46104 -1.267 -0.74487 1.8488 
30590 1.8698 -0.93011 -0.44771 -2.4578 -1.9491 1.1034 0.011929 
E8791 -2.844 -2.8214 -0.69386 -2.7484 -0.57796 -0.68443 -1.3562 
8600 5.3816 -1.3438 1.9885 0.20857 2.7733 1.6745 2.5637 
319 -2.8613 -1.0049 -0.57108 -0.3563 2.2419 1.8406 0.61356 
7070 0.50095 -1.8562 0.96017 -0.67086 2.0033 -2.1349 -0.31837 
6961 -0.70935 0.63229 -0.31051 0.40992 -1.3585 1.2667 1.2923 
53240 0.23986 2.7445 0.58905 -3.0647 0.1954 -0.82345 -0.19911 
5498 -3.1014 -2.5049 0.014168 -1.4233 -3.2274 -1.8974 -0.87074 
7464 2.596 2.9685 -1.1242 0.45457 -0.30267 -0.39658 2.8789 
5411 0.19418 -1.467 3.5851 0.59371 -0.86538 0.11582 0.078931 
7779 0.51823 -7.0306 0.80799 -0.30071 0.10417 1.8327 0.69942 
7821 -1.8962 -0.60676 -0.10049 -1.0413 -0.84737 1.8782 0.12357 
53019 -1.5749 2.4014 0.65141 -2.4129 -2.2658 2.5399 0.24681 
78830 -1.5217 -0.50243 -1.6439 -0.052338 -0.68617 1.9792 1.1466 
56211 -0.55973 1.3635 2.4075 -0.91965 2.3119 0.354 0.16771 
8730 3.5444 -1.3311 -0.14617 0.30267 -0.093193 2.6847 2.0784 
8960 -0.56145 0.87018 0.54351 3.2206 -3.8607 -2.4691 3.0451 
56722 0.35818 1.6977 3.7813 -2.5223 5.2385 2.1703 0.32774 
2662 -0.92201 0.13625 -1.1705 -0.65338 -0.24757 1.3277 0.79955 
41091 1.7399 1.1387 -0.23946 -1.2491 0.93529 -2.8987 0.4666 
4582 0.66644 0.29464 0.94983 0.38989 -0.77167 -1.7775 0.74408 
71690 -1.8018 0.78834 -1.7413 0.25848 -2.1905 1.6152 1.6656 
7935 2.2164 -2.1125 0.43742 0.8273 -0.70853 -0.061238 1.1477 
1550 2.3937 2.1681 2.8486 -3.2024 0.58742 2.0671 -0.1128 
25541 -0.73496 0.46527 -0.64819 -3.0292 3.3584 1.5535 -0.18733 
8451 -0.15727 -9.6957 2.6442 -0.0056175 -0.14354 -0.18624 0.5096 
3727 -2.1513 -1.7732 -3.1823 3.0704 -0.37483 -4.8536 3.1791 
V1272 -2.2158 1.0668 -0.037469 1.0882 -3.3227 1.3869 1.8825 
1623 1.0385 2.4562 0.11938 1.2591 3.4012 1.1692 2.8096 
33394 -1.2199 0.15849 -1.467 -0.25741 -1.0864 -0.038501 0.89533 
58881 -1.6062 1.5234 -1.6835 -3.63 -0.011968 -0.88964 -0.42424 
3794 0.47366 -0.48574 -1.9575 0.78656 -0.70038 -3.9363 1.7125 
5523 -2.1342 -1.8101 2.9475 -0.93882 -1.2081 -0.93155 -1.1061 
185 0.19073 1.7828 -0.52369 0.12036 -0.12096 1.2701 1.5533 
04112 -2.0061 -0.74553 -0.58467 -0.46198 0.8878 1.5342 0.42778 
8754 -1.416 -0.8997 6.7299 -0.67978 -1.9223 -0.54161 -0.43995 
7823 -2.2365 0.17067 0.41173 -0.59198 -0.82885 2.0312 0.39731 
4142 0.95627 2.6202 -3.5523 -1.0859 -2.834 -0.64299 2.2923 
E9308 -3.1741 -1.2627 0.4786 0.37559 0.045407 2.4462 0.5069 
56081 0.87116 2.4879 2.7512 -1.7357 2.7895 0.40765 0.19211 
V4611 -2.634 0.77098 -0.30993 -0.75677 4.7809 0.44788 0.92257 
8054 4.9417 -1.083 0.78235 -0.72087 1.8757 1.2415 1.5205 
V4983 -0.80183 0.40411 1.2525 -3.4519 -2.0246 0.98166 -1.007 
44023 -1.9226 -0.84397 -3.0504 -1.6433 -0.019126 -3.2597 0.12062 
28522 -1.8393 0.32393 1.0102 0.35526 0.96047 3.8273 1.3886 
27542 -2.1688 -0.91095 -0.1787 -1.3466 0.60102 1.9578 -0.12768 
7856 -1.4155 0.0077081 0.27021 0.090014 0.43469 1.6628 0.74613 
53010 -1.4035 1.7856 0.10436 -3.0562 -2.7062 1.7023 -0.22113 
99832 0.95376 0.35609 1.429 -0.51666 3.2397 -1.5881 0.38456 
4524 -2.2865 -0.0111 3.0851 0.16374 -3.7944 -0.23979 0.25909 
8105 0.78384 -4.9014 -0.79061 0.063525 0.4403 3.4859 1.2823 
V4586 -0.99119 0.66823 0.31631 -0.34267 -1.209 2.7573 0.87826 
0353 0.78637 -5.771 0.99995 -0.57142 0.74926 3.1152 0.57432 
5609 0.47771 1.8129 1.7598 -1.7179 2.0732 0.47334 0.084074 
7936 2.6381 -4.9337 2.1956 1.1307 -0.3822 0.93994 1.312 
30550 2.5382 -1.4238 -0.43555 -1.6685 -1.4916 2.6853 0.80419 
24200 -0.9354 -1.6131 -2.7107 -4.0404 -3.6008 2.1926 -0.27376 
29570 -0.58937 0.10344 -1.0298 -1.5997 0.51342 0.48569 0.19996 
V5866 -1.6799 0.37403 -1.7955 0.61162 -2.0971 -0.14854 1.5957 
3733 -0.85582 1.6324 -0.71516 3.0194 -1.3151 -2.7108 3.4335 
E8796 -2.6853 -0.63352 -1.6142 -0.37027 0.34614 1.9826 0.90389 
99682 2.2088 1.7362 4.2973 -4.6548 1.9295 -0.20303 -1.1826 
04186 -1.9297 2.3499 0.33606 -2.427 -2.1147 1.1774 0.13074 
452 2.2667 2.7967 3.6598 -4.2227 1.4097 1.5253 -0.34634 
25062 -2.2263 -0.89393 -3.8402 -3.1413 -0.78141 -0.40748 -0.24304 
4550 -2.8402 4.1768 0.40821 -2.0522 -3.7584 1.9994 1.1575 
E9352 -1.1107 -0.97858 -0.71911 -0.12562 -0.76486 2.4162 0.87261 
4568 0.087665 2.3157 3.0226 -3.6195 -2.1003 2.4193 -0.38168 
0416 -2.4973 -0.36826 -1.4594 -0.58202 1.0484 0.47534 0.67234 
4430 -0.99922 -0.32623 0.56108 -1.1819 -1.512 0.24554 -0.27626 
4829 -0.38041 1.804 -0.41448 -2.2459 2.5366 0.23417 0.38743 
4263 -0.75588 1.1687 -2.1624 0.3018 -1.0195 -0.44168 1.8043 
7905 -1.1482 -1.2525 -1.177 -0.057802 -1.5756 1.6437 0.85129 
78097 -0.88927 -1.0558 -2.4003 -1.7892 -0.50621 2.9783 0.64741 
43330 0.099494 1.4003 -3.3423 0.42901 -2.1368 -0.73693 2.6172 
9331 -2.9674 0.18998 0.4173 0.15258 2.6581 2.0016 0.9073 
V180 -1.4616 -0.99882 -0.31261 0.31334 -4.7055 0.90471 0.93489 
5589 -1.6766 -0.30479 0.29252 -2.3265 -0.68116 1.2351 -0.63166 
87342 3.307 -1.7915 0.011207 -0.059982 -0.8496 3.0954 1.9276 
23871 -0.93016 -0.18414 0.81773 -0.56687 -0.81925 2.9512 0.54692 
3524 -0.72484 1.5611 -0.77112 1.9982 -2.0004 -2.5101 2.6476 
E915 -2.6971 -1.2355 -0.027902 0.027641 0.34186 2.6266 0.72799 
5672 0.77329 -0.11941 5.1361 -2.6413 3.0834 -2.5848 -1.4405 
4820 0.90301 0.43763 0.94901 -1.0238 5.1209 -1.225 0.59724 
0212 -0.3886 -3.2115 -0.49886 3.6782 0.44493 3.3644 3.66 
5188 -2.0458 2.4191 3.5555 0.71868 -0.34381 -0.62188 0.93138 
8052 5.161 -1.3962 0.7454 -0.64797 3.0091 1.1533 1.7104 
44101 2.6666 2.252 0.014688 0.17014 1.6554 -0.76077 1.9386 
9744 1.1374 -1.1689 0.83663 2.5424 -3.1591 -4.6221 1.9568 
07030 1.5613 -0.076282 0.7469 -3.0482 -0.0070886 0.70438 -0.64801 
3453 0.78469 -0.63228 -0.84111 -1.3965 2.7973 1.3654 0.48983 
5772 0.78761 1.9533 1.845 -2.4716 2.0976 1.9599 0.14431 
4401 0.0033927 0.95996 -1.3633 -0.34133 -1.3662 -1.5872 1.1568 
78900 -2.9941 -1.0899 -0.75829 -3.3543 -1.7142 2.0757 -0.85693 
5641 -1.7703 1.246 -0.6298 -0.32655 -1.5213 1.5596 1.2096 
53551 -0.38632 1.5648 -0.81183 -4.0225 -0.73564 -0.9676 -0.61528 
44021 0.34269 1.6655 -1.4485 0.068812 -1.2965 -1.9873 1.6809 
2967 0.6754 -1.0792 -0.16079 -0.82652 0.0083594 0.30599 0.17711 
3533 -1.0603 2.0675 -0.76823 2.3862 -2.3689 -2.7939 3.1669 
5793 -0.72467 -0.67009 3.2114 -2.6441 2.9271 1.0083 -1.1062 
3481 1.4562 -0.037176 -0.40431 -0.93454 3.0264 -0.29049 0.64784 
V442 -3.3667 0.14363 1.3606 -0.12422 -0.035859 1.8642 0.43083 
415 1.3104 -1.1776 4.38 -0.014678 -1.182 1.2615 0.11169 
725 -0.98914 1.5665 -0.82811 0.63928 -0.050728 0.24943 1.7415 
42842 0.12056 1.4452 -1.4734 -2.9086 0.48374 -1.5057 -0.034062 
3694 -2.2236 -0.15565 -1.1499 -0.492 -1.1498 -0.28061 0.41554 
2252 -0.423 -0.32223 -2.3692 1.2193 0.83792 2.4458 2.6945 
6823 1.4131 -0.064123 -0.42228 -1.6052 1.5578 -0.66988 0.17127 
49392 -0.87461 0.63684 -0.85393 -1.7264 0.96908 0.55568 0.31187 
8669 0.56732 -4.3431 2.4369 1.506 0.48047 -0.58273 0.81749 
25012 0.0065088 0.23702 -2.038 -3.8886 1.2429 1.4449 -0.30774 
7885 -0.08196 0.96303 0.41578 0.23453 -0.15702 0.84404 0.93643 
2440 -2.5296 1.0726 -0.79807 0.51682 -0.26315 1.1689 1.3931 
99889 1.2956 0.40665 1.1312 0.33314 0.4302 -0.66592 0.83003 
59970 -1.3514 0.46153 -1.5759 -0.35034 -0.54783 1.5699 1.2136 
9914 -2.8828 -2.4334 2.364 0.20903 -1.8861 0.78151 -0.13475 
7994 -0.49495 1.0874 0.48191 -2.8423 3.1152 1.6393 -0.1882 
V1301 -0.78392 0.14663 0.34099 0.7759 -2.3564 0.80491 1.18 
4592 0.066204 -0.56019 1.4546 -2.1366 1.2458 -0.12489 -0.8148 
7906 -0.45133 -1.6427 0.65928 -0.038013 -1.6464 1.0788 0.35102 
V454 -1.3986 -1.544 -0.7146 1.5582 -1.4423 1.8582 1.6628 
1628 0.44801 1.7895 0.033506 0.605 3.3319 2.0957 2.2276 
3605 2.2968 -0.013805 -0.031956 -0.41335 -1.7934 -4.2977 0.9921 
E8120 3.3198 -1.562 0.87827 0.74243 0.3366 1.4138 1.7629 
4242 -0.73433 2.148 -0.040641 0.90978 0.21875 -0.34848 1.817 
71536 -1.507 1.9193 -1.3239 -0.37417 -0.89182 1.5889 1.5159 
5728 -0.85137 1.2737 3.1359 -3.1251 -0.41938 1.7468 -0.93036 
6827 0.25248 -1.8315 -3.2788 -3.8236 1.4972 -2.4992 -0.57853 
2866 1.7256 -0.59618 1.9202 -2.1953 2.9766 -1.2123 -0.58182 
V641 -0.28916 0.8588 0.10229 -0.40189 -0.91127 -0.55895 0.56167 
56981 -0.68946 0.65965 3.6548 -1.3912 4.722 1.3449 0.22464 
8670 0.99661 1.4651 -1.5613 -1.6174 2.1667 1.4711 1.1858 
5920 -2.608 0.063069 -0.31039 -1.235 0.93753 1.1657 0.044156 
5168 -1.883 1.2127 0.17924 -2.6923 2.51 -1.6213 -0.53815 
3844 0.88589 0.1956 1.9266 2.1693 -0.45002 -1.7803 1.7049 
8382 -0.26311 -3.7036 1.1044 3.4188 1.545 -2.4539 2.0372 
78829 -1.0391 0.45011 -0.91871 0.19414 0.28671 1.549 1.2798 
V1087 -3.4888 0.24357 -0.32106 1.5633 0.11605 0.4716 1.7321 
9341 -0.11301 -0.32329 1.1491 0.94205 2.8335 1.3272 1.2726 
0088 -1.0465 0.57716 -1.5716 -2.8726 -1.0049 1.2039 0.018463 
23875 -1.2344 1.3393 -0.82304 -1.6624 0.61285 1.2381 0.48615 
V443 -2.9009 -0.10383 0.16643 0.63633 -0.12765 1.358 0.93383 
72989 -1.1587 -0.69013 -3.2561 0.7361 -0.0403 1.613 2.1363 
9656 -2.1969 -2.8646 2.2657 2.5752 0.73943 -1.5323 1.1637 
7921 -1.1347 0.11965 -0.97968 -0.35999 -1.5576 0.23155 0.72412 
E912 -3.2893 -2.1661 0.28731 1.9944 1.8425 2.3389 1.6587 
261 0.42668 1.0379 0.33803 -3.871 3.7559 0.9313 -0.50447 
43811 -2.4226 -0.72364 -2.2572 0.33591 0.97667 0.35006 1.179 
3403 1.0391 0.38666 1.7172 3.7095 -1.8726 -2.9555 3.151 
8051 0.30106 -6.0321 -0.24058 -0.97532 0.17333 0.20678 -0.023111 
8020 4.583 -1.5748 0.43277 0.15178 0.47553 2.5079 2.3506 
8082 5.4108 -0.82534 0.83813 -0.64158 1.3747 0.61428 1.6827 
4940 -2.1563 1.1811 -0.623 0.084115 0.90183 1.3075 1.2863 
28800 -2.0769 -0.59997 1.513 -2.3155 1.4472 4.8101 -0.18331 
V1006 -2.2398 0.33013 0.52302 0.11077 -0.15042 1.8433 0.76949 
29620 0.20595 -0.68806 -0.072204 -2.476 -0.60043 1.5676 -0.44627 
28981 -0.068279 1.0334 -0.54094 -2.2456 1.7719 0.58077 0.098829 
9229 -3.0325 -2.1733 2.4316 1.7625 0.19231 2.8999 1.0331 
56983 0.81992 1.764 4.6479 -1.94 4.9436 0.41658 0.33802 
71941 -1.253 -0.22753 -0.6262 0.24376 -1.4793 2.1526 1.2166 
481 1.1628 0.042822 0.60245 -1.434 3.0375 -0.257 0.21247 
99659 -1.4712 1.7507 1.5865 -1.3516 3.6016 0.80782 0.34195 
51902 -2.0866 1.4876 -0.43301 0.096764 5.2113 -0.25296 1.6384 
V427 -0.63364 1.2762 1.0203 -2.91 0.68761 -0.24997 -0.81133 
45182 0.84582 0.29301 -1.3103 0.38245 0.46413 0.064818 1.4682 
E8792 -1.6862 1.0854 1.2414 1.1159 -0.4425 3.5727 1.8913 
3712 -0.64871 0.32155 1.8549 2.613 -0.25915 -1.663 2.0495 
7295 -1.539 -0.38196 -0.94196 -0.97022 -1.7678 2.1031 0.6442 
5303 -1.1909 1.998 0.98164 -0.35718 -0.0711 1.8124 0.99662 
3899 -1.9511 -0.088799 -1.12 0.7501 -1.7093 1.608 1.6524 
9992 1.5948 0.17208 -1.6415 -1.1858 1.0284 -1.5331 0.77118 
41511 1.8451 0.88142 0.90273 0.089491 2.9904 0.14138 1.3093 
41189 -1.0543 2.2255 -1.1867 -2.6793 1.5326 0.023674 0.22994 
8024 4.8435 -1.3405 0.68863 0.6249 0.80217 1.867 2.7137 
E8147 4.202 -1.783 1.507 0.2877 0.87574 1.8264 1.6461 
99831 1.5422 1.6053 1.1276 0.036029 3.8154 -1.8388 1.2662 
56881 2.1888 1.9306 1.3356 -1.9234 2.0458 0.56015 0.50429 
V0980 -3.6487 -0.53823 1.0317 -0.40841 0.67621 1.5305 0.12784 
V1204 -3.7848 -0.52989 -1.4714 0.9897 -2.0315 2.4082 1.7547 
V4579 -1.196 0.33165 0.17128 1.1867 -2.7898 2.6489 1.8636 
85220 2.6371 -1.0952 -2.1703 0.075209 1.357 1.3338 2.1256 
5855 -1.9123 -0.73273 -1.2353 -4.3289 0.56754 -1.3537 -1.2832 
70709 -2.6288 -1.6421 -1.4304 -1.0473 2.7848 -0.26353 -0.021464 
3931 2.2133 -1.088 2.5165 2.0068 -2.0663 -1.8693 1.4704 
9999 -1.32 -0.61958 -0.12824 0.015035 1.5299 0.15799 0.51969 
9654 3.6437 -1.5009 0.50316 -4.7161 -0.18486 2.5349 -0.41757 
1890 1.1908 2.2523 0.75688 -0.04807 2.4469 1.2796 1.7385 
72402 -0.54748 0.16704 -1.967 0.29878 -0.11842 0.69205 1.5645 
9694 3.8532 -1.2548 -0.15462 -4.1526 -0.95993 3.2391 0.20066 
1962 0.86179 3.6658 2.576 -0.46889 1.4672 2.9467 1.9024 
9906 -0.0050192 -2.2096 4.7948 1.4912 -3.5636 -0.55805 0.82012 
48242 -0.68266 0.8333 -1.5402 -2.1254 5.0895 1.7817 1.0368 
5198 -2.6241 -0.1671 3.787 0.28035 -1.0297 0.2933 0.23621 
36250 -1.4681 1.5705 -1.4508 1.12 -1.4563 1.4116 2.4494 
V1302 -4.3851 -1.0317 -1.4781 1.6742 -1.9003 2.5929 2.1458 
07044 1.4164 1.3299 2.8021 -4.6948 0.42488 0.33307 -1.2828 
1976 0.99639 3.0865 2.8914 -0.88813 3.006 3.5626 1.6095 
V0254 -2.9078 -0.48184 -1.039 -0.63764 -1.3091 1.6483 0.46051 
78321 -1.6297 0.45839 0.80809 -0.050631 -1.2359 2.59 0.89211 
5118 1.3135 1.7647 1.9549 -0.24055 2.0957 -1.7832 0.87014 
3571 -0.64116 1.7375 -0.5214 2.4231 -2.222 -2.5093 3.1781 
E8160 3.2605 -1.8107 1.2375 0.71232 0.17237 1.6776 1.7914 
4432 -1.2409 -2.2453 0.45204 1.7885 1.3552 0.15541 1.2042 
2410 -1.7183 -0.31298 -0.9417 -0.28512 -0.95459 2.8117 1.1031 
3229 0.2027 -1.2566 0.18702 0.91663 2.378 -0.3515 1.0501 
V5869 -2.5676 -0.75277 -0.40858 0.37057 -1.8594 1.6597 0.91489 
78609 -1.3391 0.55814 -0.96541 -1.1144 -0.39445 2.0412 0.7624 
4270 0.9281 1.424 -0.71878 -1.0026 1.2439 -0.00053754 0.91339 
4786 -2.6076 -0.53201 -0.75861 0.82 2.2561 0.90686 1.4368 
E9290 -4.0333 -3.6651 -0.97965 -1.0363 1.4281 4.805 0.51029 
V4987 -0.56215 -0.83708 -0.39027 0.71164 -0.65778 3.1216 1.5394 
56089 0.87407 1.7652 2.0544 -1.4305 3.3028 1.6268 0.62586 
28850 -1.5165 0.015361 -0.0079105 -2.1382 -1.4411 2.3267 -0.14805 
8849 -0.26684 -3.7791 1.1903 0.80762 -3.5464 -1.909 0.30182 
8851 -0.98861 -3.6877 2.471 1.733 -2.0478 -0.12297 0.5778 
99685 -0.66008 0.44327 1.4709 -3.5636 4.3324 1.5398 -0.71424 
7210 -0.049954 -0.13831 -1.6187 0.66485 -0.088235 1.6022 1.7696 
V550 -4.5156 -0.39007 -0.35541 -0.086408 2.2464 -0.30244 0.50658 
5531 -1.049 0.47391 1.3159 -2.0679 -1.2943 -0.050355 -0.64394 
25081 -2.27 -2.5956 -1.0209 -3.3887 -0.60514 -1.7738 -1.3174 
8674 0.090601 -3.5932 1.5067 3.2088 1.6922 -2.1055 2.0829 
8028 4.582 -1.0858 0.46192 0.33086 0.8814 2.1861 2.6774 
3241 1.8115 -1.6164 -0.45749 -1.9732 5.1973 -1.0544 0.21306 
4561 1.6138 1.725 2.5904 -3.1799 -1.2745 2.3022 -0.22804 
03819 0.039977 -0.79038 0.30047 -2.5279 2.9946 -1.1283 -0.68482 
4660 -1.9794 0.26059 -0.37734 -0.47728 0.70048 -0.20171 0.48235 
2920 3.1487 -0.65734 -0.2484 -3.1957 0.45789 2.5587 0.10748 
51189 1.2976 2.2823 0.59184 -1.7498 2.0214 0.43439 0.60576 
0388 0.49374 -0.028319 1.5408 -3.0259 4.025 -0.83516 -0.86244 
E9503 2.83 -1.7111 -0.60356 -2.7978 -2.1536 3.8161 0.86821 
1961 0.20518 2.5269 0.41013 1.2301 3.7057 2.5719 3.1683 
04149 -1.9898 0.44437 -0.97256 0.0068516 -0.27697 2.1205 1.1136 
78079 -1.269 -0.35659 -1.255 0.019504 -0.26095 1.7983 1.0865 
3558 -1.4722 0.40086 -0.77848 -0.46669 -1.2814 1.6024 0.83301 
57410 0.015537 2.9434 2.7451 -1.2861 1.7423 0.39761 0.579 
0061 0.32856 -1.1442 -4.2804 1.4555 -4.7457 0.013327 3.6038 
E9394 0.27108 -0.57083 -0.53984 -0.20671 -1.5845 2.8185 1.231 
25083 -1.7806 -2.8074 -2.6512 -5.356 -0.62183 -0.035704 -1.5718 
70712 -1.8733 1.0327 -1.5145 -2.8433 1.7903 -1.9181 -0.17033 
3179 -4.3913 -0.14468 0.46413 2.96 2.1909 -0.29753 2.6434 
53540 -1.0157 2.4214 -0.0079686 -2.5938 -2.6394 1.3729 0.34268 
53783 -0.45095 2.7664 -0.47689 -3.5779 -0.72938 -1.8887 -0.30269 
79431 -1.5852 -0.56213 -1.9063 -1.0392 -1.8917 1.5334 0.64811 
3003 1.5253 -0.54406 -0.23581 -1.9772 -1.6271 3.4893 0.84491 
7837 -2.0954 -0.30267 -0.4055 -1.2237 0.6651 2.7695 0.32132 
9634 -0.26745 -0.08618 3.1888 -0.38964 -3.1891 -0.91748 -0.16534 
04109 -0.39915 -0.043975 -0.22908 -0.82763 0.30311 0.22265 0.25636 
4471 0.50506 1.1949 0.36608 -0.1827 -1.1029 -0.98664 0.7093 
1125 0.29024 -0.88469 2.3645 -2.5253 4.1612 -0.70316 -0.75264 
8103 0.34934 -5.1001 -0.92631 -0.10158 1.1335 2.6219 1.0931 
8080 5.6071 -0.63556 1.6053 -0.096966 2.448 0.48409 2.1816 
8102 0.80581 -4.4093 -1.0591 -0.29604 0.88287 1.5916 0.62308 
4370 -2.1799 0.44252 -2.302 0.8396 0.95612 2.1674 2.232 
44422 2.4801 0.24053 -1.1569 -1.6355 1.3527 -2.7851 0.52653 
9951 -2.3984 -0.89403 -3.338 -1.6151 0.39775 0.74166 0.66981 
514 -0.69291 1.2771 -1.0138 -1.8192 1.3059 1.1016 0.43786 
598 -2.3926 -1.1181 3.2194 0.42629 -0.26519 0.013303 -0.073754 
25042 -0.84891 -0.68226 -3.3926 -3.955 -0.092823 -0.36377 -0.45446 
78061 -2.5148 -0.70846 1.5035 -1.5625 1.6592 6.3058 0.60345 
7872 -0.33567 -0.34691 -0.72359 1.0476 0.75125 -0.054794 1.4514 
5109 1.1027 0.86246 1.7253 -0.8367 3.8753 -0.054101 0.61696 
4543 -2.1758 1.8757 1.8994 -0.27941 -3.4389 -0.74392 0.63879 
73730 -1.9089 0.31908 -0.24694 0.61316 0.56809 1.8038 1.288 
78650 -1.12 -0.21442 -1.1841 -2.0824 -1.6862 1.7446 0.10814 
53190 -1.0812 1.6733 0.31376 -1.7264 -2.0647 1.393 0.24745 
V4283 -1.7529 -0.28641 -0.26257 -3.5765 2.0094 -2.6803 -1.3302 
11284 0.25847 1.4657 -0.093455 -3.6782 0.816 0.74457 -0.53313 
V4573 -1.2325 -0.062915 -0.29341 1.0917 -1.0389 1.7234 1.5514 
4590 0.46156 0.028405 1.1391 -1.1582 0.44492 -1.4656 -0.28328 
V667 -2.1628 -0.29974 -0.66794 0.6205 -0.031256 2.9928 1.4797 
E8700 0.082209 1.1127 2.1266 0.66969 0.05426 1.7029 1.1186 
920 2.1983 -1.3413 -0.99408 0.068913 -0.032429 2.5182 1.6402 
30001 -1.9076 -0.52707 -1.4431 -1.78 -1.9441 3.2147 0.47361 
59971 -0.87361 0.75639 -0.63117 0.45877 -0.48963 1.9972 1.6486 
4552 -0.84338 1.3264 0.47219 -2.3217 -1.34 1.3987 -0.12887 
V1271 -1.6321 0.5894 -0.15194 0.58525 -3.1712 1.2178 1.5186 
9072 -3.7702 -3.2249 -0.68536 -2.7849 3.7605 4.4914 -0.074033 
7078 -2.6202 -1.2816 -0.047319 -0.47602 0.64773 0.14611 -0.11654 
56985 1.0141 3.1807 -0.28562 -3.2468 -0.66158 -0.78698 0.12096 
8452 0.41956 -7.7399 1.5952 0.48279 -0.96923 0.14024 0.79635 
80701 3.7786 -1.1782 1.3673 0.013711 1.2294 1.5377 1.4823 
9749 -3.2567 -2.8005 1.4171 -0.4655 -1.3762 -0.76417 -0.68269 
4576 -1.4181 -0.16266 4.156 1.2345 0.17169 1.1292 0.87741 
72400 -2.2614 1.2686 -2.2519 0.068462 -1.3745 1.2139 1.8529 
E9300 -2.5292 -2.0081 0.83614 -0.24729 0.5141 1.8656 -0.015223 
V453 -1.6006 0.18131 0.63948 -0.10068 -0.25675 1.1484 0.53557 
0063 1.615 -3.9386 -4.2648 1.5806 -4.6587 -0.97056 3.4361 
5503 -3.3885 -1.6742 1.9433 0.037138 0.19267 0.94907 -0.077281 
03843 -0.60161 -0.4194 1.659 -2.3274 4.4313 -1.7703 -0.63174 
3942 -1.3286 -1.2286 -0.18363 -0.79124 -2.2233 -3.2797 -0.12568 
5738 -0.22237 0.41326 0.92532 -0.044813 -0.82267 1.7854 0.69288 
5732 -1.4897 -1.1886 2.488 1.4365 -0.30779 -0.18385 0.5627 
3451 -0.57775 -0.57919 2.772 2.5304 1.2816 -1.2732 1.6881 
99661 2.0034 0.60191 -0.38906 -2.2477 3.7239 -3.5624 0.27945 
4739 -0.69982 -0.32646 0.013908 -0.57841 -0.78675 1.0986 0.33966 
7812 -0.16762 -1.07 -1.4513 0.5807 -0.90155 2.4617 1.7049 
45821 -1.4975 -1.5958 -1.2973 -2.3708 -0.31779 -1.5249 -0.80156 
70723 -1.5256 0.29984 -1.8104 -2.3287 4.6825 0.79556 0.5371 
70719 -1.2953 1.1893 -1.6401 -2.3992 2.1486 -1.3361 0.08608 
391 0.35114 -0.30988 4.1274 -2.0754 -3.4319 -0.13861 -0.80055 
5419 0.81335 -1.2943 5.1113 0.6234 -0.67802 0.73738 0.48523 
V6284 2.1828 -0.049213 -0.46663 -3.2796 -0.26216 2.6484 0.24191 
33818 -0.65234 -0.033201 0.68179 0.35694 -0.24491 2.0108 0.83398 
5750 -0.54203 2.2975 1.2722 -1.4218 2.7686 -0.48432 0.41546 
9986 0.88296 1.4011 3.0137 -1.1038 3.5083 -0.8493 0.29494 
71596 -0.80516 0.90967 -1.2726 -0.33891 -1.2321 0.2479 1.0165 
51851 2.6108 2.0419 -0.687 -0.78183 3.312 0.010216 1.8123 
11289 -0.092634 -0.93325 1.0559 -2.6081 2.5559 0.29349 -0.87355 
9702 -4.0708 -2.1446 2.4587 1.4634 0.60893 -0.96264 0.39327 
4621 -1.3961 -0.084137 5.0299 0.68857 -1.2629 -0.99436 0.4589 
4593 -0.32175 0.6011 4.6198 1.7653 -1.2773 -0.85066 1.1778 
1121 -2.1686 -0.67328 -0.8621 -1.7373 -0.69158 3.2235 0.31807 
8845 0.8733 -2.2129 1.2347 0.051571 -3.8952 -1.8344 0.19664 
2819 -0.41483 0.03623 -0.30028 -0.77138 -1.0062 2.3274 0.66106 
4423 1.1824 -0.012877 -1.5834 -0.45592 -0.25811 -2.0459 0.89516 
42090 0.9597 2.3028 0.96488 0.22207 2.0608 -0.42854 1.4766 
544 -0.38868 0.099657 5.5953 1.9736 -0.025914 2.1523 1.818 
E9500 2.3912 -1.8101 0.14812 -3.3606 -1.5763 3.3152 0.03682 
4264 -0.71086 0.79048 -1.5223 0.13638 -1.2507 -0.66202 1.3581 
E8499 0.43121 -1.2272 0.3225 -0.96781 -0.92348 1.2203 -0.01393 
V0259 -4.5682 -1.41 -0.10131 -0.33849 0.55109 0.81499 0.097813 
51909 -2.087 1.2632 -0.22307 0.093534 4.0827 -0.434 1.2952 
2740 -0.63433 -0.17554 0.14039 -0.1141 -0.060991 -1.5661 0.29614 
6929 -0.8752 -0.42777 -0.75361 0.29819 -1.3678 1.3989 1.041 
56969 -0.2412 1.9944 3.0195 -1.9193 3.4526 1.3147 0.42253 
72889 -0.071808 -0.76247 -1.1408 -0.1167 1.2724 -0.012359 0.73656 
25200 -3.2514 -0.90625 -0.36717 -1.6522 -1.3469 1.3337 -0.25693 
20410 0.089978 1.2482 -0.67834 -0.96984 1.7858 0.11649 0.81398 
78194 -0.30441 -1.0561 -3.9297 1.0343 0.47783 1.6486 2.9716 
53560 -1.2702 2.2369 0.40372 -1.9125 -2.3364 1.8808 0.42458 
7824 -0.0035037 1.2666 1.1572 -2.7011 1.0914 2.2477 -0.090885 
53390 -0.92979 0.55586 -1.0952 -0.64415 -1.4376 0.98944 0.80301 
31401 1.0599 -0.61836 -0.49385 -1.2172 -1.8303 3.7632 1.124 
7761 -0.62767 -1.7533 1.3299 4.0949 1.1815 -3.481 2.6058 
20300 -0.14162 0.2596 -1.4219 -1.8201 2.9887 0.52384 0.49286 
9980 2.259 3.1386 0.23507 -0.50338 1.0397 -1.3474 1.6441 
20500 0.3466 0.48171 1.7158 -2.8076 3.6791 0.71963 -0.58931 
56723 1.6572 0.81036 2.5093 -5.0249 1.8042 0.98268 -1.1592 
V1042 -1.0658 0.60936 0.47235 1.0643 -0.44345 1.6171 1.3835 
3201 -2.6633 -1.1081 1.2413 2.459 1.7398 0.4738 1.8092 
5733 0.13534 -0.42243 0.12671 -1.944 0.49651 1.6474 -0.18713 
8345 0.68872 -5.7872 1.3835 0.48684 -0.115 -0.67016 0.30934 
78702 -0.98103 -1.167 -1.2887 -1.0275 -1.1091 2.1713 0.4984 
E9426 -2.1112 -2.1694 -2.5285 -1.3032 -1.3354 0.79803 0.23359 
27803 -2.6927 2.9792 -2.8963 -2.3569 2.6456 0.98389 1.4209 
2883 -2.5176 -0.82701 -0.75349 -0.91711 -0.44229 1.401 0.27844 
57451 -0.3374 3.4726 1.7658 -1.936 1.6081 0.25341 0.39756 
4542 -3.2052 1.6368 2.6733 -0.064819 -3.4717 0.40206 0.70962 
7213 -0.38363 0.36334 -1.0134 0.044858 -0.38483 1.8456 1.2014 
25082 -1.4368 -0.42714 -2.6087 -2.8046 -0.15966 0.64512 -0.12612 
5852 -1.5044 1.1657 -1.5813 -1.4378 -0.34339 0.36484 0.6224 
7932 2.4677 -3.7751 1.8819 1.3825 -0.68124 1.2341 1.744 
5101 -2.6292 0.56967 2.461 1.4718 -0.64703 -0.28536 1.0533 
9921 -1.474 -2.6675 2.0285 1.9462 -2.5658 -0.70844 0.87407 
56729 0.7403 1.6668 3.1074 -3.149 4.1249 0.51928 -0.28656 
5012 0.95542 -0.27129 6.2993 0.028078 -0.76702 0.6588 0.54216 
3669 -2.2901 0.23056 -2.0348 0.20183 -1.9481 0.48325 1.4272 
78909 -3.6594 -1.0008 -0.97123 -4.1704 -1.5524 2.5555 -1.097 
55321 -1.306 1.4079 3.0307 -0.47364 1.1521 0.8256 0.24788 
4632 -0.77817 -2.0703 2.4015 1.6424 -0.055413 -0.30219 0.70432 
78722 -1.9867 -0.11338 -1.6604 0.48806 0.43003 2.806 1.6301 
2689 -1.6934 0.33813 -0.72973 -0.017598 -1.5701 1.5554 1.0271 
E8495 3.4399 -1.451 0.81192 0.60869 -0.082742 1.8027 1.8782 
57511 -0.61774 2.2097 3.0282 -0.54166 0.51115 1.1638 0.55914 
0139 0.42836 -2.9647 -0.84236 2.5235 1.1098 0.96484 2.4803 
5551 0.5097 0.96021 2.6138 0.37233 0.55942 0.85524 0.98352 
28419 1.3534 1.1915 0.63837 -3.6017 1.9723 2.8482 -0.018649 
4591 -0.085466 -1.7112 5.5806 0.51722 -1.3019 1.5477 0.37395 
2939 0.86994 0.7073 -0.91992 0.47383 0.72734 -0.19063 1.4558 
V8801 -2.2903 0.42296 -0.60731 2.1685 -3.1749 2.4365 2.8631 
42611 -0.53332 0.59221 -1.162 -0.041913 -0.63834 -0.89579 0.97842 
V1255 -3.0201 0.52463 -0.56012 1.0425 -0.20285 2.2284 1.8511 
4611 -1.6155 -0.69208 4.5213 1.409 -0.77965 0.13881 0.70494 
3079 -0.056615 -1.007 -0.87666 0.077175 -0.77114 2.5339 1.2287 
5571 0.4782 0.99614 1.3431 -1.1761 0.83683 -0.66204 -0.048124 
E9429 -2.6658 -0.75153 -3.2936 -0.66026 0.35158 0.97568 1.1534 
72887 -2.3735 -0.77801 -3.67 0.46113 0.41412 2.3196 2.3037 
07051 2.1202 -1.6496 0.99547 -2.7881 -0.73871 -1.0466 -0.97632 
3559 -1.5121 0.090267 -1.6274 -1.611 -1.7379 1.191 0.42261 
28803 -2.4184 -0.61806 0.85871 -1.676 1.8463 4.5247 0.23048 
59010 -1.9448 0.40563 0.57598 -3.289 2.6585 1.0122 -0.78992 
4823 -1.2622 -0.98596 4.6598 0.56246 -2.5896 -0.20184 0.060656 
E9323 -2.729 -1.3181 -2.1332 -2.3192 -1.237 0.64818 -0.27936 
E9359 -0.38004 2.2195 0.40941 -1.9189 -2.2727 1.3653 0.48485 
78062 -0.11634 0.077266 -0.79922 0.60757 -0.95106 2.0684 1.6782 
42613 0.1387 1.118 -1.9358 0.10045 0.066054 -1.4847 1.5402 
99739 0.40185 1.9559 0.35531 -0.17318 2.3246 0.64793 1.3249 
0239 -0.029875 -3.9103 -1.1282 2.7136 0.83681 1.2507 2.5897 
5921 -2.8986 -0.015709 0.47741 -3.5813 3.18 0.86902 -0.91724 
0549 -1.8671 -1.3887 1.2932 -0.49059 0.61666 1.2072 -0.2161 
73028 -0.80201 -1.8987 -0.30422 -1.0884 2.6418 -0.82091 -0.23214 
2738 -2.1791 0.18613 1.3019 -1.43 -0.161 2.1374 -0.23073 
2319 -0.0087082 -0.69462 0.59706 2.3615 -1.7287 -1.809 1.7431 
29040 -2.034 -0.69799 -4.7813 0.14975 2.3137 0.64644 2.3015 
V160 -1.8394 0.15508 1.2569 1.0426 -3.5423 2.8832 1.6134 
1625 0.53182 1.8775 -0.43891 0.79877 2.925 1.524 2.2567 
5579 0.10591 1.0877 1.2105 -1.5311 1.5303 -0.072285 -0.18782 
1179 0.12905 -0.11566 1.9349 -1.0153 3.1868 0.8306 0.057937 
E9444 -2.5632 -0.034918 -1.4547 -0.042147 -1.3633 1.1924 1.0728 
70724 -2.2901 -0.67981 -1.6962 -2.7352 5.7049 0.8124 0.3001 
V1201 -1.5559 0.33819 0.047531 1.1115 -0.65823 0.78297 1.4616 
3479 -0.09195 -1.1134 0.9779 4.051 -0.048385 -2.6717 3.0538 
2535 -2.5401 -0.16593 -1.8851 -0.85532 3.2182 -0.49565 0.78693 
42840 0.23526 0.69207 -0.56207 -2.2966 0.67792 -2.2124 -0.30479 
30421 2.0056 0.13625 -1.3525 -3.5923 -0.73093 1.2216 0.020823 
540 -0.11802 -2.3733 3.673 0.55304 -0.65592 -0.43437 -0.021106 
3348 -3.6673 -0.8253 1.3633 3.6958 1.9372 -0.58355 3.1771 
2532 -2.5876 1.3762 -1.8415 -0.93403 2.8768 -0.65141 1.1143 
30503 -0.53201 0.82794 0.52546 -0.56422 -2.3343 2.1315 0.70908 
E9305 -2.8627 -2.0162 -0.092033 -0.29778 0.63402 1.6759 0.1588 
V1209 -1.376 -1.4385 -0.1031 -0.82286 -2.9203 2.0446 0.40871 
40310 -1.8427 1.5845 -2.281 -1.8704 -0.85536 0.94014 0.81716 
24900 -3.0673 1.3221 0.91539 -1.2793 -0.93984 2.7761 0.2999 
1123 -1.616 -0.22082 -0.30346 0.012948 0.34368 0.32026 0.56491 
70721 -2.2722 -0.61656 -0.99082 0.34056 1.0237 0.91868 0.99479 
V1041 -1.5844 0.20887 1.1125 0.27434 -0.15278 1.7118 0.72385 
53541 0.19389 2.3786 0.31345 -2.5283 -0.34651 0.3204 0.13316 
73008 0.8403 -1.6433 -0.64136 -1.6556 5.0837 -0.3383 0.42336 
2630 -0.89909 0.30149 -0.3227 -0.9262 0.71459 2.8112 0.69255 
E8783 -2.9861 -0.093343 1.3676 0.64831 1.2214 2.6757 1.0141 
V6441 -0.66212 2.0897 2.3172 0.26434 -0.16861 1.0314 1.0258 
45342 1.4084 1.1651 -1.4545 -1.2529 2.329 1.5219 1.4312 
8339 -0.26031 -4.2029 2.0724 -0.19194 -0.40418 -0.84005 -0.47102 
0234 -0.54043 -4.0812 -0.98004 3.2699 0.58795 1.6598 2.9388 
4372 0.52984 -1.8178 -2.0779 -3.0905 0.89511 -0.57583 -0.48191 
29420 -1.4631 0.33673 -2.3578 -0.030114 -0.14043 2.0337 1.7286 
34400 -1.0402 -1.8011 0.0045548 -1.3729 4.4993 0.77082 0.17383 
E9504 2.0808 -1.3934 0.13084 -2.3685 -1.6312 3.2742 0.53416 
7243 -2.2472 -1.0594 -1.6344 -1.3327 -1.7406 0.21568 0.13446 
1173 -0.1053 -1.2025 -0.063158 -3.5594 3.7139 -0.28241 -0.93125 
4299 0.37409 0.90949 -1.5781 0.18301 -1.8842 -0.22734 1.6706 
45381 0.37683 1.0789 -0.32609 -2.5958 2.884 1.0734 0.23345 
80709 3.4005 -0.90985 1.1058 0.31047 1.6039 1.0499 1.7123 
2387 -0.039571 -0.056725 1.1529 -0.36353 0.65784 -0.6194 0.20078 
3492 -0.77278 -1.9533 2.7219 2.0225 -0.13748 -0.19061 0.91479 
28749 -0.722 1.0509 0.53423 -1.2411 -0.47295 2.6528 0.62763 
V1079 -1.5802 0.1764 -0.23368 0.88666 -1.1212 0.53325 1.3358 
45184 1.0285 -0.13819 -2.0286 -0.39438 0.12265 -1.3528 1.0276 
3199 -4.9608 -0.75757 0.92263 2.7541 1.9962 -0.92157 2.2647 
8056 4.8793 -1.6355 1.0537 -0.215 1.3962 0.66033 1.8472 
4673 -0.020504 -0.90615 5.5942 0.77579 -0.50081 0.9904 0.73418 
V5331 -0.36832 0.56664 -1.2064 1.0255 0.42566 -1.4699 1.5874 
8026 4.4079 -0.70312 1.0373 0.3881 0.79434 1.5758 2.2223 
99709 1.4248 -0.73806 -0.83034 0.49202 2.894 0.68835 1.469 
5421 -0.69839 -0.15899 3.2245 1.5384 -1.6383 1.1673 1.2908 
8607 -2.7838 -2.6647 1.4712 -0.80991 -0.81825 0.17416 -0.65843 
4413 -0.3298 0.5327 1.7627 0.5068 1.1105 -1.3609 0.61414 
E9420 -2.7677 0.82412 -1.4305 0.15426 -0.024457 -0.75275 1.2378 
81000 3.4075 -1.6532 1.3733 0.49257 0.39073 2.0013 1.816 
43882 -2.8216 -0.8324 -2.6247 -0.0045123 1.9441 1.5639 1.557 
2769 -0.78244 -0.40491 -0.56749 -1.6715 0.79827 1.1368 -0.11551 
73679 -0.57945 -1.011 -1.3402 -1.2142 -1.9732 2.1341 0.50464 
8099 -0.34959 -6.1838 0.00039136 -0.03456 -0.083737 1.5282 0.64227 
0047 1.9706 -2.4416 -0.61465 0.039772 -4.403 -2.5114 1.2158 
V4572 -2.8306 1.3524 0.27831 1.0967 -1.7225 1.8654 1.8298 
03812 -0.14066 -0.28502 -0.0096596 -3.569 4.5649 -0.071214 -0.66227 
4575 -0.2598 0.80476 4.0712 1.3588 -0.55743 0.2339 1.2563 
3331 -0.62239 0.41142 -0.85363 0.33775 -1.1687 1.9298 1.4941 
7939 2.5576 -3.4619 1.8667 1.5645 -0.87166 0.56332 1.5753 
44489 1.9883 0.54818 1.6387 -1.5402 1.759 -0.55444 0.093945 
78550 1.1353 1.2837 -0.66098 -2.295 2.0572 1.0526 0.3919 
2880 -0.77983 -0.73752 2.2088 -1.3929 2.4857 0.30432 -0.59137 
E8844 0.7038 -0.56334 -1.0583 0.13324 0.22224 1.5914 1.2587 
73007 0.6012 -2.0829 -1.9501 -3.5058 2.1764 -4.0329 -0.59791 
82021 3.2979 -0.14099 -0.8702 -1.5008 2.0711 -0.23714 0.83939 
0151 -0.41556 -1.7016 -1.3298 2.3049 -0.35144 2.8357 3.072 
2721 -1.078 0.0035611 -0.77481 -0.88551 -1.9453 1.7148 0.54892 
25070 -1.6964 -0.82387 -2.5618 -2.1083 -0.31897 -3.337 -0.0974 
2441 -1.1631 -0.30788 -0.54363 0.17894 0.53302 1.2622 0.88682 
V113 -0.38996 0.25471 1.4661 -0.066795 -2.7428 1.4151 0.70932 
53510 -4.5198 -1.9141 -1.354 -0.83645 -0.96625 3.9862 0.94789 
4659 -1.4723 0.30871 -1.3548 -1.9547 -1.3974 -0.094008 0.11688 
0124 0.75914 -2.3223 -0.28525 2.0027 0.79586 1.9201 2.3558 
5178 -2.1468 0.9983 0.47952 -1.4679 0.98998 -0.71498 -0.14991 
78451 -1.2017 -0.83113 -3.3831 0.78929 0.23335 2.2086 2.4057 
7966 3.3053 -5.4143 1.9098 0.34898 -0.27151 0.15771 1.0022 
3327 -1.9628 -0.55177 1.0163 1.7874 1.0916 0.092208 1.4114 
5839 -1.0007 -0.78693 0.33921 -1.8956 -0.69338 -0.90399 -0.7792 
8945 -1.8864 -1.2928 -0.11014 3.0244 -2.2345 -2.4642 2.1015 
8104 -0.26923 -3.5836 -0.83648 -0.29274 1.2084 1.8173 0.70644 
5361 -1.0944 -0.90213 4.177 0.98488 -0.30909 0.86335 0.55432 
48282 1.1702 -0.064875 0.70381 -1.3163 3.1609 0.0415 0.29031 
8108 0.79447 -4.5266 -1.4611 -0.8768 0.14934 0.83056 0.2404 
28731 0.26269 1.0007 -0.21946 -3.4378 0.93692 -0.10557 -0.67867 
86803 4.7697 -0.79867 2.7558 -0.38353 1.978 1.2748 1.4726 
80502 3.8778 -1.0531 0.37801 -0.070947 1.878 1.5887 1.8611 
5932 -0.63298 0.79924 -0.21242 0.15573 -1.7182 1.4051 1.277 
8152 -0.34254 -1.0398 -0.30816 0.83254 -0.31604 0.093695 1.0226 
9977 -0.86297 -2.033 4.0138 1.7872 -0.67374 1.1491 0.9697 
73027 -0.83307 -1.9477 -1.9208 -2.9082 0.57757 -2.8257 -0.68061 
70713 -0.13898 0.19844 -2.144 -1.9593 1.1428 -2.0106 0.16638 
V854 -1.1198 2.242 -0.23886 -1.3873 1.1393 0.90116 0.79256 
07999 -1.1746 0.46557 -1.1688 -3.0983 -1.3894 0.67929 -0.27548 
41031 2.2343 1.2882 -1.6705 -0.87274 -0.55258 -2.0602 1.6514 
8314 1.5285 -3.5814 1.1004 1.062 -1.4956 -1.7154 0.86616 
25052 -2.1989 -0.52801 -3.9 -3.5671 -1.6048 -0.2924 -0.059097 
05410 -2.9386 -1.8755 -2.9048 -3.4507 -1.4299 2.9586 0.018238 
7817 2.8763 -5.4077 2.6128 0.33004 -0.42662 -0.089879 0.78973 
3968 0.52896 1.8071 -1.4851 -0.32618 0.50488 -1.8671 1.3405 
8609 -0.79036 -2.5488 1.393 0.84766 -1.158 -0.91731 0.39312 
9608 -1.4247 -1.7557 3.3954 0.62345 -1.284 0.54765 0.1525 
9705 -2.4188 0.63481 5.0538 0.43672 -1.3938 0.15415 0.58112 
30561 2.0096 0.35753 0.088536 -2.1564 -1.3375 0.65093 0.16058 
8411 -0.16554 -4.3218 -0.89182 -0.61828 -1.5036 -3.5442 -0.11327 
0881 2.1913 -2.3962 1.9105 1.0114 -1.7455 1.8651 1.6554 
8844 -0.056493 -3.0114 0.81702 1.7921 -2.3629 -1.2378 1.1028 
80703 3.4681 -1.1172 0.9059 0.44185 1.3532 1.8339 1.878 
3421 -0.40207 -0.5036 2.3765 2.8803 1.5622 -1.2188 2.0771 
V4972 -2.5146 -0.48714 -1.3938 -0.64765 -2.8809 -0.95664 0.35492 
41001 2.0992 0.89123 -1.3905 -1.302 -0.079766 -1.8112 1.0075 
3736 -0.84745 1.1767 -1.6906 2.9376 -2.8441 -1.9316 3.6571 
V452 -1.4506 -1.5022 -1.3844 1.3028 0.65165 2.2457 1.7865 
37230 -1.3748 0.04804 -0.40641 -0.14662 -0.90369 1.5951 0.89635 
7854 0.51588 -1.5088 -1.0659 -3.2444 1.7868 -1.9768 -0.91087 
99749 1.0784 2.294 1.868 -1.822 2.7852 1.8196 0.58205 
85201 3.1569 -0.14875 -1.5135 -0.14622 0.95968 1.719 2.2933 
2512 -0.4622 -1.2731 -0.71251 -1.1098 -0.12671 2.0823 0.19668 
7810 -2.6123 -0.91647 -1.3542 -0.41694 -0.63979 1.9239 0.84127 
5462 0.46663 -2.2238 5.821 0.99868 -1.0161 0.52867 0.54543 
27401 -1.432 1.8446 -1.3531 -1.0202 -0.037044 0.8915 1.0865 
99883 0.85372 0.30715 1.1136 -0.92035 2.5847 -1.1181 0.012637 
V5332 -1.279 0.12627 -0.95422 0.076384 -0.096884 -1.7357 0.71294 
28959 0.26584 1.1394 2.1949 -1.255 0.21558 2.2041 0.32385 
2825 -0.75851 -2.1303 0.2879 -1.5431 -0.41567 -0.43327 -0.84224 
3643 -1.9436 -3.4726 -0.77803 -5.5985 -0.85881 -0.41015 -1.8618 
56721 0.65864 1.5518 2.5428 -1.842 3.7403 0.40495 0.42151 
5137 -0.17899 0.43777 4.8001 -0.51562 -1.7265 1.2386 0.37457 
E8150 3.7204 -1.0595 1.2651 0.73242 0.28204 0.95373 1.8985 
27739 -0.2666 -1.3332 -2.7114 -1.4242 2.614 0.22481 0.7024 
4466 0.17451 -1.986 1.1579 -3.3028 0.63557 -0.45128 -1.5104 
4169 -0.73332 0.91254 -0.96706 -1.0726 0.063199 -0.60755 0.4882 
2989 -0.33525 -0.59126 -1.3663 -0.13924 -0.14859 2.3573 1.2289 
5794 -1.4714 -1.1704 1.2946 2.2062 -1.5872 0.11894 1.4602 
3383 -1.5493 -0.23607 0.48125 0.70894 1.5441 5.0939 1.8359 
5128 0.99482 0.8441 1.3144 -0.024088 2.8888 -0.42253 0.84176 
3998 -0.37843 -1.3524 2.779 0.84178 -1.4311 -0.27468 0.31775 
80702 3.2784 -0.58463 -0.12891 -0.044381 0.88483 1.0799 1.6492 
V850 -0.68652 1.9054 0.19639 -1.5815 2.117 2.5494 0.81627 
5693 0.40862 2.1939 0.89779 -2.1096 0.90097 0.57734 0.3183 
3951 1.2525 -2.4113 -1.6959 1.4602 -0.11385 0.58676 2.4105 
7318 -2.9894 -2.5936 -2.1252 -2.9035 -0.30938 -0.99932 -0.97488 
E9479 -1.6563 -1.1621 0.29423 0.0070588 -0.89495 1.451 0.37197 
4255 3.5001 1.335 -0.2126 -2.5178 -0.61125 0.20746 0.56526 
7931 1.2595 -1.9593 0.76083 0.78966 -1.0983 1.0958 1.1353 
3575 2.3298 -0.66192 0.68754 -2.7328 -2.4017 4.3388 1.0094 
72210 -0.21594 -0.29797 0.3496 -0.63018 -0.45733 0.73944 0.1861 
1629 0.33372 1.4944 -0.26413 0.145 2.4181 1.7306 1.6411 
7231 -1.5579 -0.14745 -2.3965 -0.31222 -1.4554 1.9116 1.6168 
99881 -0.9072 1.1501 0.78656 1.8842 1.6294 0.5676 2.1574 
72992 -1.3783 0.060689 -0.83662 -1.0613 -0.49278 1.1706 0.34623 
34510 -0.004852 -0.79133 -1.5073 -1.4545 0.57753 2.331 0.52409 
71535 -0.11218 1.2628 -0.82201 -1.0502 -0.48855 1.3148 0.95298 
3363 0.22199 -0.78505 -0.75521 -0.54377 3.9491 3.8332 1.5859 
70725 -3.1918 -0.55898 -0.95363 -1.1756 1.183 0.28905 -0.085858 
8309 0.44122 -4.1352 1.5983 0.76434 -1.7755 -0.81092 0.11948 
5778 -1.4902 1.3769 1.5555 -1.1734 -0.33102 1.8488 0.20201 
53082 -0.015607 2.016 0.53099 -3.6703 -0.69632 1.1949 -0.41713 
4822 1.6782 0.25978 0.24695 -0.14388 2.3155 -0.48725 1.0086 
7135 -1.6317 -1.8495 -1.8695 -1.4339 -0.67591 -2.2758 -0.42314 
5302 -0.87537 0.77268 0.60698 -3.6429 -3.3037 -1.6474 -0.77983 
0785 -0.2373 -0.54714 1.5405 -2.8528 2.6136 0.43371 -0.85552 
99667 1.0791 -1.656 -0.6639 -2.6196 3.0682 -2.3101 -0.69946 
7948 -1.0995 0.33901 0.38362 -0.80545 -0.58003 0.38502 0.092329 
3812 0.6027 -1.0793 -2.1787 0.95221 -2.692 -1.7833 1.7908 
E8849 2.8067 -1.5019 -0.10553 0.18783 0.99856 1.5871 1.4111 
4444 -0.89028 0.094456 3.3887 -0.41451 -3.3191 0.52467 0.22985 
04189 -2.0851 -1.5418 -1.0738 -1.4779 1.4505 1.0072 -0.2355 
52100 -0.038407 1.2194 -0.854 0.50718 -0.85022 -0.85283 1.5268 
4230 1.8614 2.1528 0.62262 -0.37955 1.6846 -1.8419 1.2631 
1972 0.32434 1.0483 1.0695 0.62903 3.4311 2.8897 2.2113 
55090 -0.70385 0.80398 0.53117 -0.18239 -0.95362 0.9351 0.65057 
20190 -0.52542 1.2484 0.87006 0.096287 2.1087 -0.13061 0.96206 
8867 -3.0807 -3.7909 1.1059 0.33365 -2.7296 -2.5385 -0.17324 
8919 -2.5582 -3.1687 0.19337 1.0127 -0.17228 1.3503 0.82905 
9815 -3.4524 -0.6624 1.8821 3.0398 2.0666 -0.71249 2.5059 
9998 0.90361 0.43563 0.13399 -0.99509 0.54907 -0.61273 0.27656 
2384 -1.1627 0.75755 -0.79815 -0.41168 -0.16159 -0.097205 0.79041 
034 -0.73438 -4.8182 0.060298 0.16398 0.84658 1.2521 0.43614 
44103 0.9358 1.114 -0.018263 0.51522 0.58264 -1.1233 1.4779 
V1749 -0.38986 0.085462 0.76999 1.0665 -4.0275 1.1938 1.5798 
V4976 -2.4408 -0.71986 -0.5063 -0.91517 -0.94016 -0.10021 -0.060991 
1510 0.55649 2.5666 1.5945 0.38223 1.2587 1.3297 1.7116 
317 -0.9841 -0.25252 -0.49532 -1.0129 0.31196 2.1026 0.39407 
8321 -1.5305 -4.2026 0.97313 -0.99303 0.083594 -0.32141 -0.81161 
43311 1.1438 -0.31138 -3.1306 0.3252 1.2452 -0.4017 2.08 
78906 -2.5108 0.48634 -0.72548 -2.452 -0.53165 1.6362 -0.13106 
V642 -1.5677 -0.815 -0.4146 -0.62019 -1.2946 1.4656 0.49798 
28984 -0.74582 0.52774 0.12888 -0.1949 0.20085 1.005 0.79873 
4579 -0.52841 0.13356 4.4274 0.37038 0.30672 -0.16321 0.24746 
0383 0.32243 -0.06518 1.2157 -3.0227 3.7887 -0.72918 -0.72379 
30400 1.7069 -0.67824 -0.043822 -1.9999 -0.83995 2.6146 0.27349 
24290 -0.77667 0.47057 -0.54615 -0.12433 0.13738 -0.035319 0.7356 
56989 -2.0127 0.82812 2.0482 -1.3129 0.56075 0.5941 -0.40102 
3818 -0.065242 -2.6143 -0.31579 0.67182 -3.1459 -3.0958 0.75616 
49122 -1.6026 1.3705 -1.6885 -1.2808 2.0313 -0.61623 0.90368 
4422 0.55133 1.2112 1.1891 0.40562 0.034517 -1.0646 1.0943 
44022 -0.13291 -0.36951 -1.3008 -1.2219 -0.84653 -2.1966 0.1515 
59080 -1.9635 0.053122 -0.47957 -3.4762 3.2411 -0.17833 -0.66363 
7813 0.6668 -1.2751 -1.6277 1.33 -0.23878 2.169 2.3929 
4870 -0.51392 0.70722 -0.8271 -2.2724 2.6838 -0.39967 0.15446 
315 -4.2933 -1.3825 1.3093 2.6937 1.6032 0.025564 2.1785 
8415 -0.88761 -3.43 -0.095337 -0.1418 -1.1649 -2.8512 -0.24701 
42989 -0.031279 1.5932 -1.4613 -0.10277 -0.52247 -0.1259 1.4907 
9092 -1.8117 1.1412 0.56443 0.43186 -0.22576 3.1602 1.6887 
3488 1.5704 -1.5042 -0.35405 1.0983 0.82797 2.4442 2.2811 
4404 -1.1969 -0.45824 -3.7312 -1.1655 -1.6019 -0.95958 0.97625 
2888 -0.88925 0.14339 -0.90265 -0.44012 -1.156 0.73999 0.73544 
501 -0.77343 1.1301 -0.92523 0.51628 -0.76878 0.31871 1.5214 
V1253 -2.1788 -0.71806 -1.7754 0.83676 -1.1068 1.076 1.5479 
8843 -0.71931 -2.4908 1.0793 2.3872 -0.83238 -1.4891 1.326 
2111 -1.2257 2.9348 1.2498 -2.1857 -1.6591 0.75468 0.31269 
4389 -0.90908 0.67935 0.59723 0.73797 -0.96955 0.058479 1.0552 
3932 1.3126 -1.1896 3.894 1.78 -0.84208 -0.60618 1.0975 
0113 -0.98083 -1.5321 0.24822 1.5374 0.013878 2.1703 1.6972 
0539 -1.0484 -0.48155 -0.1536 -0.83363 0.83138 0.94057 0.24914 
5695 0.67337 1.3532 2.6228 -1.5219 3.5554 0.65834 0.57554 
96509 1.4907 -1.5823 -0.84059 -3.4766 0.79643 1.8158 -0.54376 
40291 -0.48383 1.9381 -0.62622 -1.0326 0.59363 -0.99252 0.70638 
34889 0.24119 -1.2636 -1.2586 0.55183 1.1591 3.0656 1.8311 
V1003 -1.4611 0.86093 1.946 0.76565 0.51719 0.94812 1.0011 
2798 -0.86176 0.30268 -0.63471 -2.4733 -1.0523 3.4801 0.48424 
70720 -3.8551 -1.4305 -1.2228 -0.31007 1.4858 0.98481 0.56396 
30300 2.7151 -0.35665 0.96595 -1.9269 -0.9235 3.1575 0.6745 
2411 -1.7617 0.31641 -0.79007 -0.036955 -0.36793 0.71718 0.91726 
29650 0.97869 0.77302 -1.1679 -2.1729 0.50962 2.0221 0.51166 
8864 -0.75691 -1.6181 4.1258 -1.0832 -4.6008 -0.37771 -0.73997 
5720 0.686 1.5641 3.1953 -2.5539 2.5702 0.42495 -0.25892 
53200 0.88286 1.1929 0.88367 -2.2732 0.53482 -0.38319 -0.28394 
2309 0.14959 -0.10144 0.74641 1.7662 -2.1441 -0.8834 1.6044 
41021 2.0573 0.93602 -1.3765 -0.7666 -0.35565 -1.9828 1.2178 
V071 -0.52457 0.21419 -0.39709 -0.26095 -1.0067 1.2789 0.88985 
4553 -1.9242 1.9929 0.37189 -1.6032 -2.6328 2.5309 0.62855 
87343 3.253 -1.4906 0.5557 0.54759 -0.35952 1.5403 1.9283 
9584 4.9273 -1.0992 1.9838 -0.29787 3.0892 0.31023 1.6589 
45340 0.50529 0.25148 0.062724 -1.2017 2.789 1.1725 0.44944 
43883 -1.6346 -0.62419 -1.8172 0.26683 -0.60818 1.162 1.3185 
57450 -0.91007 2.4689 1.27 -1.597 1.1555 0.74844 0.32652 
7769 -0.40573 -5.0528 -0.32873 -0.38476 0.094196 -0.775 0.016061 
4601 -1.2973 -0.76281 4.9281 1.3966 -0.51447 1.2868 1.0611 
8072 4.2796 -0.20868 1.2349 0.68745 2.0222 0.4872 2.3104 
E8532 2.2221 -1.6866 -0.77802 -2.7244 -1.2881 2.5174 0.22941 
04102 -0.27123 -0.66709 -1.0878 -0.45942 -0.25308 0.32823 0.46903 
86405 3.8756 -1.4354 2.2361 0.048061 1.8842 0.96419 1.8215 
57400 0.072096 2.1123 1.3775 -1.3234 2.2992 -0.21527 0.42536 
55320 -0.99085 1.373 0.68551 -0.32086 -0.42306 0.26065 0.74883 
V1043 -1.1938 1.2396 1.0192 0.79334 -0.43241 1.8162 1.508 
7867 0.96671 -5.3784 0.8662 -1.2672 -0.099847 -2.0265 -0.56936 
5790 -0.39405 0.7436 0.89156 -0.99948 -0.82947 0.29219 0.038636 
71946 -0.54534 0.64947 -0.47473 -0.58937 -1.8185 1.898 1.0522 
V463 -3.1336 -1.5821 -1.4723 0.15281 -1.0136 2.1781 1.2529 
0042 1.6085 -3.3184 -0.16269 0.65874 -3.2334 -2.955 0.86015 
V4571 -1.7618 0.66737 -0.59164 1.6036 -0.77129 2.1543 2.4515 
1991 -0.3521 0.73426 0.50901 0.55759 1.4297 2.787 1.5727 
3973 0.95979 -1.151 -0.33229 1.7564 -1.261 -1.1126 1.793 
V5883 -0.95649 0.65968 -0.82605 0.99953 -1.7445 0.31375 1.775 
53642 -0.65025 -0.27058 0.38438 -1.2376 3.7529 0.43981 0.2006 
6000 0.608 0.87254 0.012271 0.93702 -0.14551 -1.5752 1.5576 
80126 3.2739 -0.96564 0.12497 -0.13893 1.6976 1.5093 1.8614 
40300 -0.1331 0.43195 -2.1592 -2.8372 -0.66245 0.55295 0.085091 
8961 -0.44342 -0.92443 1.4876 1.1051 -1.0329 -2.1256 0.6834 
3925 0.73985 -1.1552 1.0795 1.2019 -0.72544 -2.1021 0.82042 
3174 -2.7531 -0.93217 1.8867 2.5208 1.3703 -0.93468 1.6777 
3239 -0.15922 -0.73175 0.58002 -1.5247 1.8812 0.2037 -0.32211 
3971 0.82781 -1.5421 0.64973 1.4986 -1.2651 -2.0173 1.1044 
78901 -3.2506 -1.2883 -1.4249 -1.3993 1.1662 1.635 0.17669 
99762 -0.20774 -0.9737 -1.2578 -3.1317 1.5371 -2.6302 -0.73085 
5370 -0.32541 0.52694 1.3295 -2.1921 0.69021 0.78444 -0.52818 
E9379 0.41837 -0.67212 -0.73298 -0.02589 -1.415 0.26016 0.86425 
5425 -0.16344 -2.382 4.789 1.6778 -1.3634 0.57446 0.79908 
7842 -1.8165 -1.8263 -1.2291 -1.1132 -0.15181 1.5801 -0.077243 
E8799 -0.41899 0.23873 -0.11533 -0.098468 0.16428 -0.41702 0.58567 
E8502 0.95459 -2.0783 -0.96083 -3.3239 -0.36434 2.0489 -0.61069 
E8810 2.2462 -1.6097 0.16513 0.73998 0.9965 1.7107 1.7705 
1570 0.13013 2.8767 2.3411 -1.1948 1.6682 1.9384 0.96631 
30183 0.36473 -0.17771 -0.74298 -2.6767 -2.379 3.1664 0.42413 
8106 0.52319 -2.9767 -0.67522 -0.5263 -0.14576 1.3375 0.37089 
59381 0.74315 0.04118 -0.13212 -1.6196 2.0423 0.033467 0.13027 
3956 0.58328 -1.5359 0.82775 1.1129 -2.0532 -1.8645 1.0374 
7211 1.7366 -0.67686 -0.70771 -0.82559 2.7 0.45557 0.60765 
5349 -1.1524 -0.23707 3.704 0.049987 -1.1779 0.28885 0.11974 
4359 1.0422 -0.099611 -1.7907 0.31793 0.17564 -0.3833 1.5764 
8949 -1.0572 -1.6093 -0.76269 1.658 -1.0441 -2.301 1.414 
324 0.060774 -0.11817 1.9799 2.9611 1.6406 -0.11046 2.7818 
9633 -0.54862 0.032931 3.0971 -0.017671 -2.7219 -0.6191 0.15867 
73710 -0.46852 -0.2813 -1.3144 0.1815 0.68414 1.5309 1.356 
5123 -1.6239 1.6593 2.1976 0.23796 -0.41919 0.2577 0.78445 
7955 -0.73643 -0.44464 -0.79041 -0.26405 -1.4218 1.7159 1.0116 
3539 1.1929 0.43769 0.8363 2.8996 -1.908 -1.268 2.8332 
6989 -1.9918 -1.0554 0.11672 -1.1928 -0.8547 0.86329 -0.30848 
3090 -1.777 -0.93674 -0.57516 -0.15873 -0.065736 0.30566 0.41294 
29562 -0.85116 0.91163 -0.18016 -1.0775 1.5245 0.95725 0.50975 
V851 -1.8007 -0.3168 0.96403 0.35129 -0.9737 2.1154 0.78852 
E9361 -1.0544 -1.684 0.068213 0.41374 0.69984 2.7337 0.91861 
7230 -0.15422 -0.7349 -0.88936 0.24465 -0.25575 1.5564 1.0079 
30520 1.7968 -1.081 0.35725 -1.1156 -2.1719 2.8373 0.82507 
1960 0.93703 0.63654 0.67444 0.55647 2.9835 1.3806 1.7802 
73382 0.48358 -1.6713 -1.0578 -2.6027 1.4011 -1.4357 -0.84021 
V8541 -0.87347 2.1832 -1.158 -1.3343 0.96004 0.44729 0.93126 
6960 -0.34798 1.488 -0.30236 -0.76582 -0.69848 0.26561 0.7515 
55221 0.4837 1.6398 2.1413 -0.81035 2.2088 0.38091 0.48745 
4532 1.6323 0.89739 1.1272 -1.0261 2.3706 0.5739 0.6462 
80708 4.0542 -0.87994 1.2299 0.35743 2.044 0.93219 1.8781 
5130 1.0882 -0.28833 1.2619 -1.8895 3.6811 0.34928 -0.054402 
8873 -2.4289 -2.2936 2.4576 1.7106 -1.1387 -1.0088 0.48763 
V444 -2.2631 0.65345 1.7256 1.4941 1.1736 1.3616 1.6082 
3391 -3.1162 -0.93211 2.4762 2.6912 2.5538 -0.34629 2.2036 
4610 -0.58879 -0.83892 4.1248 1.0603 -1.1241 0.56411 0.46665 
2839 -0.10708 -1.001 -0.17985 -2.8358 0.68196 1.008 -0.79139 
80704 4.1591 -0.94553 0.38101 0.30309 1.7481 0.50276 1.8593 
527 0.026746 1.1225 3.8337 0.89591 -0.95564 1.6127 1.5571 
543 -0.41735 -1.4337 4.8126 0.92554 0.28797 1.1769 0.63342 
5305 -1.6213 0.45726 0.15901 0.22742 -0.1758 1.8848 1.2097 
0044 1.6268 -3.3655 -0.40132 1.1479 -4.4963 -1.8862 1.4621 
V1009 -1.0994 1.3072 2.2165 -0.16682 0.43208 1.7208 0.62887 
6561 -0.18466 0.16678 3.5044 0.93243 0.060528 2.0477 1.3267 
5351 -1.2161 -0.4549 4.2036 0.97195 -0.67283 0.74244 0.77235 
9690 2.7209 -0.54532 0.42392 -2.4318 -0.92477 2.6757 0.74413 
3596 0.084507 0.46199 0.089148 1.3216 -2.142 -2.2321 1.5464 
71945 -1.0643 -0.71364 -1.3818 0.1054 -1.6059 2.4142 1.5194 
99813 1.0147 0.64493 0.61656 -0.85975 1.1621 0.17546 0.42706 
V1085 -3.1489 -1.7768 -1.4184 2.2851 0.68028 2.7753 3.057 
E8122 3.0514 -1.4638 1.3533 0.80892 0.75615 1.2267 1.7106 
V1584 -1.0159 1.3148 -0.11391 2.0906 -1.1513 0.9548 2.4186 
V551 -2.7506 -0.18617 -0.37983 -0.27603 3.1326 0.73944 0.81987 
2731 -1.741 0.7202 -0.80155 -0.34471 -0.85242 0.1485 0.74838 
9349 -2.3612 0.0066363 0.14495 0.37584 2.4732 1.1127 1.0671 
43813 -2.9248 -0.38771 -3.1023 -1.3697 2.1431 2.0479 1.3105 
7749 -1.4865 -4.4237 0.2998 -0.64494 -0.10066 0.57296 -0.08265 
99593 0.83124 0.73984 1.245 -1.638 1.8313 1.956 0.35436 
78729 -0.73805 0.31641 -0.94168 -0.29692 0.47365 2.2288 1.131 
3959 0.5881 0.18131 1.9734 2.8207 -1.8895 -1.5634 2.4313 
8602 4.2937 -0.8427 1.0431 0.094723 2.0974 0.40833 1.5547 
47829 -1.0813 0.60595 -0.68584 0.80493 0.22516 -0.91833 1.4105 
45382 0.62032 0.53512 -0.34987 -1.7136 2.7861 1.0688 0.68753 
7101 -0.86629 1.0615 0.12325 -1.6351 -0.41887 -0.70472 -0.10807 
25092 -1.1476 1.6707 -0.76727 -1.1821 -0.21429 -0.0023993 0.64998 
0382 1.0827 -0.29042 1.1122 -1.7018 2.9511 -0.71751 -0.15602 
36846 0.45944 -0.79344 -3.3522 1.2367 0.45797 1.359 3.0296 
8914 -0.89564 -2.1184 1.3412 1.2106 -0.4978 1.5694 0.72413 
47874 -3.6422 0.26184 0.64099 1.0657 3.0161 -0.23241 1.6029 
5472 -0.07119 -2.7125 5.2097 1.0736 -0.18839 0.031779 0.59072 
72981 -1.9344 -0.4969 -1.0341 -0.044713 -1.0325 1.6311 0.96775 
80507 3.6806 -0.78124 0.38237 -0.049851 1.5387 0.89324 2.0975 
99779 0.27684 -0.56826 -0.88652 -2.3903 1.3405 -0.1422 -0.42662 
85226 2.7116 -0.71267 -0.36347 -0.0027828 1.1101 1.2494 1.6178 
5368 -1.6979 -0.75164 -0.45747 -2.3683 -1.1319 1.6534 -0.36512 
7862 -0.26683 -0.11849 -0.68778 0.035193 -0.73406 1.2788 1.0017 
5679 1.1061 0.44031 2.2872 -1.654 2.4041 0.5826 -0.045472 
2830 -0.70335 1.1675 -0.31753 -2.3585 0.92776 -0.21043 -0.11813 
7804 0.29258 -0.03734 -1.327 0.71082 -0.74851 1.7894 1.8873 
42841 1.1426 1.6543 -1.6191 -1.6121 0.82428 -1.5477 0.84238 
72252 0.37652 -0.29492 -1.5118 -0.34875 -0.5206 0.48651 1.0256 
7789 0.36919 -5.0321 -0.25013 -0.76975 -0.075273 0.25455 -0.03584 
3419 -2.1447 -0.017783 -0.33182 -1.6068 1.5637 0.1914 0.066793 
41092 -0.55334 0.88256 -0.30664 -1.2952 -1.4661 -0.90528 0.20088 
3927 -0.49592 -1.6349 0.05825 -2.1233 -1.6286 -2.1164 -0.7872 
8962 -0.45786 -1.875 2.3517 0.50245 -0.067985 -3.1358 -0.10484 
27952 -1.9519 1.3218 1.1564 -3.4173 3.8635 1.4855 -0.33186 
V1551 -2.061 -0.44174 -1.466 1.0649 -1.4158 2.1846 2.0974 
4295 0.75188 1.7069 -1.2747 -0.027928 0.40814 -1.0303 1.5518 
V1007 -0.56688 0.67342 2.4899 -1.6997 -2.0282 0.65465 -0.41671 
